13 6am6sa1p -4535.945292658691 264.72818892839174554057
12 6am6sa -4535.582626582970 261.09551901727318398826
12 6am5sa1sam -4535.121312860877 253.52289657219520103831
11 5am6sa -4479.100091361400 252.13802009391245663520
11 5am5sa1sam -4478.645893210666 247.46774516183128688030
10 4am6sa -4422.615159723639 243.16157909106154277306
10 4am5sa1sam -4422.170207622101 242.41862863994633046799
9 3am5sa1sam -4365.692852756384 235.40374520207948885619
12 6am5sa1p -3836.488908267300 235.53002573201408440866
11 6am5sa -3836.105034961565 233.98098456481636515983
11 5am5sa1p -3780.002927254773 229.85161123595505357103
10 5am5sa -3779.640292443667 223.58178292470232760133
10 5am4sa1sam -3779.176704636238 217.41718838839510106290
9 4am5sa -3723.156312446771 216.18384854603387383279
9 4am4sa1sam -3722.707655645118 213.57194625188663103593
8 3am5sa -3666.673913091025 208.60701674995807165860
8 3am4sa1sam -3666.230065945891 204.10932520878752147299
7 2am4sa1sam -3609.754016003816 195.45700423276873807805
11 6am4sa1p -3137.013267200569 215.28515210799932513048
10 5am4sa1p -3080.537676707328 204.43344523561965194019
9 5am4sa -3080.164104229449 199.19280324333388944951
9 4am4sa1p -3024.060131430020 196.73664693610598304989
8 4am4sa -3023.693533603551 192.37575930236457647735
8 4am3sa1sam -3023.228175968714 187.27402589300687348695
7 3am4sa -2967.216109248645 179.98553464028173209883
7 3am3sa1sam -2966.762056080049 178.79849765889652261045
6 2am4sa -2910.733661292574 176.43705174911956758150
6 2am3sa1sam -2910.287078968480 170.01147745094750521456
5 1am3sa1sam -2853.815283102175 159.51335606238470333624
4 3sa1sam -2797.336122956122 151.45876292805634390973
9 5am3sa1p -2381.065941216039 178.83638181787690190370
8 4am3sa1p -2324.593159866651 175.68357792050980721583
7 4am3sa -2324.219666104285 164.53721647828273812802
7 3am3sa1p -2268.108822842287 163.97105876907596461648
6 3am3sa -2267.752555568280 155.32715649505281967002
6 3am2sa1sam -2267.275787169987 155.95855914472580370746
5 2am3sa -2211.275152031075 148.81318582592654104386
5 2am2sa1sam -2210.818168337112 144.03978179439878774490
4 1am3sa -2154.798267382537 139.91882716753312087967
4 1am2sa1sam -2154.350136743757 133.07021309408015745062
3 3sa -2098.310125410388 129.42912448096595117474
3 2sa1sam -2097.877989078735 124.66413915143383632426
7 4am2sa1p -1625.122203368208 148.83212790541673382803
6 3am2sa1p -1568.652733972518 139.58418376320643607678
5 3am2sa -1568.277701040440 130.98027032366258003569
5 2am2sa1p -1512.165182291566 129.15762134160657356072
4 2am2sa -1511.812346424092 124.12323754821398443325
4 2am1sa1sam -1511.328773525401 118.97941062887807665027
3 1am2sa -1455.344605854623 112.45281190675834035139
3 1am1sa1sam -1454.868938469955 107.97195776957906706274
2 2sa -1398.863605913025 101.71686218681871465297
2 1sa1sam -1398.413903925917 96.84243373134328114698
5 3am1sa1p -869.176183522509 115.47302124769411065043
4 2am1sa1p -812.705449048397 101.86839882274022555088
3 2am1sa -812.345539510089 101.40537021298004185849
3 1am1sa1p -756.215414587913 90.45895294314941729753
2 1am1sa -755.882932300026 87.05148331041421561751
2 1am1sam -755.376723673134 85.47297668623176179900
1 1sa -699.417207480720 72.44924469897702377092
1 1sam -698.921106329680 72.36716235451953634806
3 2am1p -113.248370758286 64.93976251886634173475
2 1am1p -56.763940691372 44.40654835150092167050
1 1am -56.441700095219 45.98084562468555626477
