-4535.945292658691 264.72818892839174554057
-4535.582626582970 261.09551901727318398826
-4535.121312860877 253.52289657219520103831
-4479.100091361400 252.13802009391245663520
-4478.645893210666 247.46774516183128688030
-4422.615159723639 243.16157909106154277306
-4422.170207622101 242.41862863994633046799
-4365.692852756384 235.40374520207948885619
-3836.488908267300 235.53002573201408440866
-3836.105034961565 233.98098456481636515983
-3780.002927254773 229.85161123595505357103
-3779.640292443667 223.58178292470232760133
-3779.176704636238 217.41718838839510106290
-3723.156312446771 216.18384854603387383279
-3722.707655645118 213.57194625188663103593
-3666.673913091025 208.60701674995807165860
-3666.230065945891 204.10932520878752147299
-3609.754016003816 195.45700423276873807805
-3137.013267200569 215.28515210799932513048
-3080.537676707328 204.43344523561965194019
-3080.164104229449 199.19280324333388944951
-3024.060131430020 196.73664693610598304989
-3023.693533603551 192.37575930236457647735
-3023.228175968714 187.27402589300687348695
-2967.216109248645 179.98553464028173209883
-2966.762056080049 178.79849765889652261045
-2910.733661292574 176.43705174911956758150
-2910.287078968480 170.01147745094750521456
-2853.815283102175 159.51335606238470333624
-2797.336122956122 151.45876292805634390973
-2381.065941216039 178.83638181787690190370
-2324.593159866651 175.68357792050980721583
-2324.219666104285 164.53721647828273812802
-2268.108822842287 163.97105876907596461648
-2267.752555568280 155.32715649505281967002
-2267.275787169987 155.95855914472580370746
-2211.275152031075 148.81318582592654104386
-2210.818168337112 144.03978179439878774490
-2154.798267382537 139.91882716753312087967
-2154.350136743757 133.07021309408015745062
-2098.310125410388 129.42912448096595117474
-2097.877989078735 124.66413915143383632426
-1625.122203368208 148.83212790541673382803
-1568.652733972518 139.58418376320643607678
-1568.277701040440 130.98027032366258003569
-1512.165182291566 129.15762134160657356072
-1511.812346424092 124.12323754821398443325
-1511.328773525401 118.97941062887807665027
-1455.344605854623 112.45281190675834035139
-1454.868938469955 107.97195776957906706274
-1398.863605913025 101.71686218681871465297
-1398.413903925917 96.84243373134328114698
-869.176183522509 115.47302124769411065043
-812.705449048397 101.86839882274022555088
-812.345539510089 101.40537021298004185849
-756.215414587913 90.45895294314941729753
-755.882932300026 87.05148331041421561751
-755.376723673134 85.47297668623176179900
-699.417207480720 72.44924469897702377092
-698.921106329680 72.36716235451953634806
-113.248370758286 64.93976251886634173475
-56.763940691372 44.40654835150092167050
-56.441700095219 45.98084562468555626477
