2 1am1p -56.763940691372 44.40654835150092167050
3 1am1sa1p -756.215414587913 90.45895294314941729753
3 2am1p -113.248370758286 64.93976251886634173475
4 2am1sa1p -812.705449048397 101.86839882274022555088
5 2am2sa1p -1512.165182291566 129.15762134160657356072
5 3am1sa1p -869.176183522509 115.47302124769411065043
6 3am2sa1p -1568.652733972518 139.58418376320643607678
7 3am3sa1p -2268.108822842287 163.97105876907596461648
7 4am2sa1p -1625.122203368208 148.83212790541673382803
8 4am3sa1p -2324.593159866651 175.68357792050980721583
9 4am4sa1p -3024.060131430020 196.73664693610598304989
9 5am3sa1p -2381.065941216039 178.83638181787690190370
10 5am4sa1p -3080.537676707328 204.43344523561965194019
11 5am5sa1p -3780.002927254773 229.85161123595505357103
11 6am4sa1p -3137.013267200569 215.28515210799932513048
12 6am5sa1p -3836.488908267300 235.53002573201408440866
13 6am6sa1p -4535.945292658691 264.72818892839174554057
