-56.530781 
-56.859354 
-756.995411 
-756.658733 
-1456.320965 
-756.150505 
-1456.796787 
-2156.479201 
-2156.930136 
-2856.621484 
-700.114881 
-1399.788766 
-699.620957 
-113.424358 
-813.561051 
-1513.69919 
-813.198588 
-1512.856196 
-1513.344203 
-2213.025889 
-2213.484767 
-2913.171911 
-2913.620734 
-3613.315749 
-1400.240351 
-2099.931422 
-870.11104 
-1570.262097 
-2270.395962 
-1569.883709 
-2269.559723 
-2270.035676 
-2969.719619 
-2970.175755 
-3669.865798 
-3670.31255 
-4370.009067 
-2100.364833 
-2800.068426 
-1626.812989 
-2326.95732 
-3027.096711 
-2326.579864 
-3026.264171 
-3026.73212 
-3726.420479 
-3726.870286 
-4426.563304 
-4427.006173 
-2383.503229 
-3083.650826 
-3783.789948 
-3083.274593 
-3782.961202 
-3783.427695 
-4483.111758 
-4483.564274 
-3140.203409 
-3840.352172 
-4540.488781 
-3839.968364 
-4539.663373 
-4540.122473 
