-56.529749 
-700.114308 
-174.339284 
-135.066605 
-95.796022 
-190.399278 
-2482.470164 
-2482.469913 
-2482.469584 
-2482.469333 
-2482.468817 
-2482.468639 
-2482.468561 
-2482.468439 
-2482.468371 
-2482.462903 
-2482.462894 
-2482.462729 
-2482.462673 
-2482.462656 
-2482.462606 
-2482.462600 
-2482.462491 
-2482.462400 
-2482.462390 
-2482.468242 
-2482.462320 
-2482.462300 
-2482.462288 
-2482.462252 
-2482.462210 
-2482.462157 
-2482.462055 
-2482.462046 
-2482.461998 
-2482.461995 
-2482.468028 
-2482.461956 
-2482.461935 
-2482.461914 
-2482.461838 
-2482.461800 
-2482.461753 
-2482.461688 
-2482.461654 
-2482.461628 
-2482.461579 
-2482.467826 
-2482.461532 
-2482.461488 
-2482.461459 
-2482.461426 
-2482.461338 
-2482.461299 
-2482.461278 
-2482.461277 
-2482.461245 
-2482.461232 
-2482.467767 
-2482.461191 
-2482.461174 
-2482.461164 
-2482.461103 
-2482.461090 
-2482.461049 
-2482.460904 
-2482.460805 
-2482.460565 
-2482.460556 
-2482.467680 
-2482.460468 
-2482.460445 
-2482.460439 
-2482.460409 
-2482.460255 
-2482.460196 
-2482.460177 
-2482.460003 
-2482.459919 
-2482.459913 
-2482.467656 
-2482.459896 
-2482.459874 
-2482.459821 
-2482.459813 
-2482.459777 
-2482.459763 
-2482.459680 
-2482.459628 
-2482.459570 
-2482.459549 
-2482.467617 
-2482.459529 
-2482.459475 
-2482.459327 
-2482.459287 
-2482.459284 
-2482.459192 
-2482.459172 
-2482.459088 
-2482.459050 
-2482.459012 
-2482.467512 
-2482.458947 
-2482.458895 
-2482.458797 
-2482.458789 
-2482.458747 
-2482.458732 
-2482.458671 
-2482.458628 
-2482.458588 
-2482.458400 
-2482.466950 
-2482.458187 
-2482.458077 
-2482.457958 
-2482.457866 
-2482.457779 
-2482.457751 
-2482.457553 
-2482.457469 
-2482.457427 
-2482.457419 
-2482.466931 
-2482.457262 
-2482.457151 
-2482.457056 
-2482.457045 
-2482.457032 
-2482.456963 
-2482.456924 
-2482.456684 
-2482.456582 
-2482.456544 
-2482.466664 
-2482.456483 
-2482.456443 
-2482.456201 
-2482.456200 
-2482.456144 
-2482.456090 
-2482.456029 
-2482.455867 
-2482.455723 
-2482.455535 
-2482.466428 
-2482.455405 
-2482.455251 
-2482.455234 
-2482.454937 
-2482.454851 
-2482.454770 
-2482.454555 
-2482.453849 
-2482.453767 
-2482.453663 
-2482.466387 
-2482.453556 
-2482.453410 
-2482.453401 
-2482.453339 
-2482.453226 
-2482.453225 
-2482.453106 
-2482.452945 
-2482.452906 
-2482.452892 
-2482.466298 
-2482.452863 
-2482.452490 
-2482.452425 
-2482.452228 
-2482.452217 
-2482.452166 
-2482.451746 
-2482.451741 
-2482.451722 
-2482.451332 
-2482.466230 
-2482.451262 
-2482.451228 
-2482.450931 
-2482.450930 
-2482.450736 
-2482.450633 
-2482.450252 
-2482.449838 
-2482.449709 
-2482.449634 
-2482.466221 
-2482.449628 
-2482.449613 
-2482.449582 
-2482.449063 
-2482.448931 
-2482.448578 
-2482.448549 
-2482.448464 
-2482.448458 
-2482.448297 
-2482.466171 
-2482.448226 
-2482.448218 
-2482.448116 
-2482.448078 
-2482.448036 
-2482.447770 
-2482.447726 
-2482.447655 
-2482.447580 
-2482.447435 
-2482.466140 
-2482.447410 
-2482.447401 
-2482.447331 
-2482.447246 
-2482.447054 
-2482.447041 
-2482.447025 
-2482.446967 
-2482.446948 
-2482.446767 
-2482.466104 
-2482.446651 
-2482.446624 
-2482.446535 
-2482.446385 
-2482.446369 
-2482.446359 
-2482.446264 
-2482.446023 
-2482.445839 
-2482.445761 
-2482.465945 
-2482.445653 
-2482.445200 
-2482.444994 
-2482.444981 
-2482.444979 
-2482.444875 
-2482.444865 
-2482.444752 
-2482.444745 
-2482.444718 
-2482.465938 
-2482.444699 
-2482.444666 
-2482.444661 
-2482.444598 
-2482.444588 
-2482.444458 
-2482.444385 
-2482.444308 
-2482.444259 
-2482.444226 
-2482.465851 
-2482.444131 
-2482.444089 
-2482.443992 
-2482.443843 
-2482.443742 
-2482.443657 
-2482.443639 
-2482.443511 
-2482.443502 
-2482.443308 
-2482.465762 
-2482.443196 
-2482.443158 
-2482.443095 
-2482.443012 
-2482.442984 
-2482.442771 
-2482.442749 
-2482.442647 
-2482.442579 
-2482.442578 
-2482.465712 
-2482.442548 
-2482.442475 
-2482.442429 
-2482.442262 
-2482.442189 
-2482.442182 
-2482.442101 
-2482.442037 
-2482.442033 
-2482.441955 
-2482.465615 
-2482.441708 
-2482.441524 
-2482.441510 
-2482.441479 
-2482.441468 
-2482.441458 
-2482.441411 
-2482.441408 
-2482.441403 
-2482.441172 
-2482.465504 
-2482.441057 
-2482.441015 
-2482.441012 
-2482.440897 
-2482.440895 
-2482.440741 
-2482.440713 
-2482.440652 
-2482.440607 
-2482.440570 
-2482.465487 
-2482.440545 
-2482.440514 
-2482.440331 
-2482.440073 
-2482.439830 
-2482.439762 
-2482.439614 
-2482.439550 
-2482.439538 
-2482.439169 
-2482.465482 
-2482.439074 
-2482.438901 
-2482.438872 
-2482.438740 
-2482.438559 
-2482.438371 
-2482.438351 
-2482.438349 
-2482.438205 
-2482.438050 
-2482.465418 
-2482.437859 
-2482.437507 
-2482.437325 
-2482.437230 
-2482.436918 
-2482.436821 
-2482.436683 
-2482.436483 
-2482.436292 
-2482.436260 
-2482.465406 
-2482.436177 
-2482.436018 
-2482.435857 
-2482.435569 
-2482.435160 
-2482.435021 
-2482.434928 
-2482.434596 
-2482.434447 
-2482.433991 
-2482.465190 
-2482.433744 
-2482.432698 
-2482.432635 
-2482.432505 
-2482.432424 
-2482.431936 
-2482.431899 
-2482.430960 
-2482.430463 
-2482.430274 
-2482.465161 
-2482.430258 
-2482.430247 
-2482.429738 
-2482.429357 
-2482.428622 
-2482.427934 
-2482.427311 
-2482.427172 
-2482.424732 
-2482.424500 
-2482.465155 
-2482.423900 
-2482.422239 
-2482.421632 
-2482.420524 
-2482.420114 
-2482.419232 
-2482.418165 
-2482.418155 
-2482.418115 
-2482.417987 
-2482.465100 
-2482.417845 
-2482.417615 
-2482.417501 
-2482.416849 
-2482.416349 
-2482.416320 
-2482.416191 
-2482.416178 
-2482.414953 
-2482.414783 
-2482.465022 
-2482.414097 
-2482.413832 
-2482.413751 
-2482.413492 
-2482.412980 
-2482.412511 
-2482.411897 
-2482.410226 
-2482.409658 
-2482.409148 
-2482.464977 
-2482.408584 
-2482.408361 
-2482.407963 
-2482.407464 
-2482.407213 
-2482.407120 
-2482.407032 
-2482.406787 
-2482.404596 
-2482.403355 
-2482.464912 
-2482.400406 
-2482.394209 
-2482.391258 
-2482.391175 
-2482.390220 
-2482.389351 
-2482.388818 
-2482.464867 
-2482.464815 
-2482.464765 
-2482.464760 
-2482.464603 
-2482.464595 
-2482.464547 
-2482.464525 
-2482.464427 
-2482.464414 
-2482.464388 
-2482.464346 
-2482.464224 
-2482.464144 
-2482.464056 
-2482.464031 
-2482.463996 
-2482.463942 
-2482.463939 
-2482.463925 
-2482.463761 
-2482.463760 
-2482.463755 
-2482.463751 
-2482.463712 
-2482.463640 
-2482.463639 
-2482.463622 
-2482.463592 
-2482.463577 
-2482.463573 
-2482.463471 
-2482.463452 
-2482.463446 
-2482.463404 
-2482.463390 
-2482.463361 
-2482.463358 
-2482.463331 
-2482.463316 
-2482.463300 
-2482.463298 
-2482.463286 
-2482.463247 
-2482.463242 
-2482.463123 
-2482.463109 
-2482.463100 
-2482.463096 
-2482.463010 
-2482.462987 
-2482.462981 
-2482.462978 
-2466.401705 
-2466.401224 
-2466.400752 
-2466.400581 
-2466.399939 
-2466.399489 
-2466.399370 
-2466.398933 
-2466.398676 
-2466.379915 
-2466.379751 
-2466.379303 
-2466.379293 
-2466.379162 
-2466.379065 
-2466.378975 
-2466.378879 
-2466.378795 
-2466.378781 
-2466.398638 
-2466.377734 
-2466.377727 
-2466.377698 
-2466.377588 
-2466.376784 
-2466.376469 
-2466.376099 
-2466.376049 
-2466.376046 
-2466.375387 
-2466.398554 
-2466.375153 
-2466.374986 
-2466.374492 
-2466.374145 
-2466.373389 
-2466.371823 
-2466.371015 
-2466.370782 
-2466.370782 
-2466.370608 
-2466.398363 
-2466.369425 
-2466.369169 
-2466.368185 
-2466.367642 
-2466.366903 
-2466.366062 
-2466.366025 
-2466.365890 
-2466.365571 
-2466.364771 
-2466.398335 
-2466.364100 
-2466.364031 
-2466.363767 
-2466.363339 
-2466.363332 
-2466.361069 
-2466.359523 
-2466.358000 
-2466.357352 
-2466.353906 
-2466.398169 
-2466.351893 
-2466.351462 
-2466.351243 
-2466.351181 
-2466.350830 
-2466.350009 
-2466.349811 
-2466.349806 
-2466.349407 
-2466.348344 
-2466.398169 
-2466.348219 
-2466.347647 
-2466.347537 
-2466.346388 
-2466.344903 
-2466.344076 
-2466.343711 
-2466.342201 
-2466.342084 
-2466.341967 
-2466.397872 
-2466.341435 
-2466.341043 
-2466.334998 
-2466.333016 
-2466.328792 
-2466.304317 
-2466.397668 
-2466.397629 
-2466.397451 
-2466.397150 
-2466.397053 
-2466.397049 
-2466.396895 
-2466.396881 
-2466.396831 
-2466.396779 
-2466.396629 
-2466.396466 
-2466.396367 
-2466.396351 
-2466.396304 
-2466.395973 
-2466.395906 
-2466.395887 
-2466.395818 
-2466.395772 
-2466.395143 
-2466.394977 
-2466.394519 
-2466.394358 
-2466.394337 
-2466.394236 
-2466.393674 
-2466.393268 
-2466.393099 
-2466.392807 
-2466.392800 
-2466.392713 
-2466.392499 
-2466.391925 
-2466.391700 
-2466.390871 
-2466.390113 
-2466.389950 
-2466.389789 
-2466.389786 
-2466.389606 
-2466.389074 
-2466.388841 
-2466.387791 
-2466.387556 
-2466.387502 
-2466.387342 
-2466.387268 
-2466.387183 
-2466.386756 
-2466.386559 
-2466.386548 
-2466.386444 
-2466.386298 
-2466.385898 
-2466.385717 
-2466.385714 
-2466.385580 
-2466.385150 
-2466.385147 
-2466.385032 
-2466.385003 
-2466.384990 
-2466.384735 
-2466.384280 
-2466.384030 
-2466.384023 
-2466.383232 
-2466.383193 
-2466.383075 
-2466.382222 
-2466.382138 
-2466.381854 
-2466.381015 
-2466.380998 
-2466.380714 
-2466.380691 
-2466.380488 
-2466.380228 
-2466.380225 
-2466.380179 
-2466.380054 
-2466.380036 
-2387.860784 
-2387.859770 
-2387.859449 
-2387.858909 
-2387.858572 
-2387.858495 
-2387.858474 
-2387.858452 
-2387.857851 
-2387.834970 
-2387.834967 
-2387.834790 
-2387.834706 
-2387.834631 
-2387.834610 
-2387.834454 
-2387.834256 
-2387.834131 
-2387.833417 
-2387.857839 
-2387.833380 
-2387.833220 
-2387.832310 
-2387.831892 
-2387.831173 
-2387.831169 
-2387.857816 
-2387.830860 
-2387.830659 
-2387.830427 
-2387.829769 
-2387.829597 
-2387.828649 
-2387.827911 
-2387.857219 
-2387.826849 
-2387.826437 
-2387.820708 
-2387.820655 
-2387.820306 
-2387.819965 
-2387.819280 
-2387.818529 
-2387.816804 
-2387.857003 
-2387.815495 
-2387.812867 
-2387.811109 
-2387.810721 
-2387.810385 
-2387.810337 
-2387.810283 
-2387.809682 
-2387.809080 
-2387.808390 
-2387.856840 
-2387.807008 
-2387.806558 
-2387.805347 
-2387.804877 
-2387.804629 
-2387.803567 
-2387.801260 
-2387.799783 
-2387.799346 
-2387.787835 
-2387.856751 
-2387.783402 
-2387.782666 
-2387.782400 
-2387.781948 
-2387.781900 
-2387.781790 
-2387.780928 
-2387.780529 
-2387.856006 
-2387.855283 
-2387.855169 
-2387.855057 
-2387.854913 
-2387.854776 
-2387.854168 
-2387.853619 
-2387.853558 
-2387.853362 
-2387.852933 
-2387.851986 
-2387.851889 
-2387.851505 
-2387.850335 
-2387.850251 
-2387.849831 
-2387.849814 
-2387.849199 
-2387.848901 
-2387.848396 
-2387.848134 
-2387.847981 
-2387.847838 
-2387.847576 
-2387.846893 
-2387.846344 
-2387.846329 
-2387.846316 
-2387.846275 
-2387.846206 
-2387.846059 
-2387.845806 
-2387.845071 
-2387.844679 
-2387.844454 
-2387.844219 
-2387.844017 
-2387.843987 
-2387.843867 
-2387.843685 
-2387.842513 
-2387.842444 
-2387.841849 
-2387.841260 
-2387.841249 
-2387.840939 
-2387.840918 
-2387.840526 
-2387.840439 
-2387.840388 
-2387.840084 
-2387.840074 
-2387.839855 
-2387.839837 
-2387.839574 
-2387.839335 
-2387.839257 
-2387.839253 
-2387.839250 
-2387.839063 
-2387.838924 
-2387.838714 
-2387.838698 
-2387.838352 
-2387.837958 
-2387.837896 
-2387.837892 
-2387.837875 
-2387.837857 
-2387.837634 
-2387.836810 
-2387.836440 
-2387.836279 
-2387.835394 
-2387.835372 
-2387.835272 
-2387.835257 
-2387.835216 
-2387.835164 
-2443.194801 
-2443.194415 
-2443.194005 
-2443.193805 
-2443.193487 
-2443.193484 
-2443.193442 
-2443.193282 
-2443.193167 
-2443.186055 
-2443.186055 
-2443.185898 
-2443.185691 
-2443.185622 
-2443.185415 
-2443.185093 
-2443.184557 
-2443.184201 
-2443.184023 
-2443.193155 
-2443.183870 
-2443.183711 
-2443.183601 
-2443.183564 
-2443.183434 
-2443.183423 
-2443.183246 
-2443.183146 
-2443.182974 
-2443.182902 
-2443.193100 
-2443.182777 
-2443.182761 
-2443.182594 
-2443.182286 
-2443.182251 
-2443.181898 
-2443.181821 
-2443.181757 
-2443.181710 
-2443.181704 
-2443.193085 
-2443.181463 
-2443.181315 
-2443.181286 
-2443.181205 
-2443.181054 
-2443.180849 
-2443.180490 
-2443.180388 
-2443.180253 
-2443.180128 
-2443.192593 
-2443.180060 
-2443.179815 
-2443.179778 
-2443.179722 
-2443.179642 
-2443.178944 
-2443.178032 
-2443.177978 
-2443.177954 
-2443.177695 
-2443.192418 
-2443.177590 
-2443.177373 
-2443.177321 
-2443.177308 
-2443.177195 
-2443.177140 
-2443.177027 
-2443.176920 
-2443.176791 
-2443.176746 
-2443.192382 
-2443.176710 
-2443.176346 
-2443.176345 
-2443.175810 
-2443.175759 
-2443.175643 
-2443.175551 
-2443.175443 
-2443.175056 
-2443.174789 
-2443.192343 
-2443.174681 
-2443.174626 
-2443.174484 
-2443.174396 
-2443.174324 
-2443.174109 
-2443.173985 
-2443.173805 
-2443.173744 
-2443.173718 
-2443.192194 
-2443.173544 
-2443.173514 
-2443.173433 
-2443.173351 
-2443.173283 
-2443.173254 
-2443.173023 
-2443.172816 
-2443.172595 
-2443.172463 
-2443.192185 
-2443.172461 
-2443.172455 
-2443.172451 
-2443.172296 
-2443.172171 
-2443.172030 
-2443.172000 
-2443.171759 
-2443.171696 
-2443.171578 
-2443.192119 
-2443.171444 
-2443.171437 
-2443.171408 
-2443.171356 
-2443.171338 
-2443.171219 
-2443.171128 
-2443.171011 
-2443.170957 
-2443.170888 
-2443.192038 
-2443.170740 
-2443.170740 
-2443.170730 
-2443.170721 
-2443.170706 
-2443.170682 
-2443.170401 
-2443.169988 
-2443.169935 
-2443.169925 
-2443.191945 
-2443.169865 
-2443.169712 
-2443.169568 
-2443.169544 
-2443.169427 
-2443.169296 
-2443.169269 
-2443.169159 
-2443.169033 
-2443.168936 
-2443.191885 
-2443.168895 
-2443.168656 
-2443.168594 
-2443.168485 
-2443.168395 
-2443.168277 
-2443.168188 
-2443.168140 
-2443.167935 
-2443.167908 
-2443.191826 
-2443.167730 
-2443.167583 
-2443.167577 
-2443.167486 
-2443.167469 
-2443.167446 
-2443.167418 
-2443.167414 
-2443.167406 
-2443.167396 
-2443.191813 
-2443.167363 
-2443.167270 
-2443.167245 
-2443.167037 
-2443.167032 
-2443.166946 
-2443.166863 
-2443.166618 
-2443.166564 
-2443.166491 
-2443.191749 
-2443.166447 
-2443.166373 
-2443.166364 
-2443.166332 
-2443.166273 
-2443.166215 
-2443.166124 
-2443.165860 
-2443.165733 
-2443.165524 
-2443.191593 
-2443.165524 
-2443.165454 
-2443.165440 
-2443.165403 
-2443.165040 
-2443.164935 
-2443.164763 
-2443.164739 
-2443.164722 
-2443.164531 
-2443.191563 
-2443.164386 
-2443.164181 
-2443.163943 
-2443.163624 
-2443.163599 
-2443.163516 
-2443.163380 
-2443.163250 
-2443.162952 
-2443.162942 
-2443.191535 
-2443.162850 
-2443.162770 
-2443.162358 
-2443.161863 
-2443.161658 
-2443.161424 
-2443.161352 
-2443.161234 
-2443.161231 
-2443.161160 
-2443.191375 
-2443.160824 
-2443.160765 
-2443.160446 
-2443.160136 
-2443.160075 
-2443.159694 
-2443.159609 
-2443.159328 
-2443.159096 
-2443.158864 
-2443.191372 
-2443.158727 
-2443.158498 
-2443.157955 
-2443.157933 
-2443.157931 
-2443.157771 
-2443.157226 
-2443.156302 
-2443.153988 
-2443.152372 
-2443.191357 
-2443.152260 
-2443.152017 
-2443.151949 
-2443.151910 
-2443.151820 
-2443.151794 
-2443.150496 
-2443.150383 
-2443.150191 
-2443.149666 
-2443.191188 
-2443.146680 
-2443.146591 
-2443.146120 
-2443.146100 
-2443.146046 
-2443.145652 
-2443.145644 
-2443.145474 
-2443.145153 
-2443.145118 
-2443.191027 
-2443.144919 
-2443.144872 
-2443.144198 
-2443.143943 
-2443.143813 
-2443.143782 
-2443.143460 
-2443.143029 
-2443.142795 
-2443.142518 
-2443.191025 
-2443.142281 
-2443.141782 
-2443.141719 
-2443.141567 
-2443.141459 
-2443.141051 
-2443.140638 
-2443.140236 
-2443.139990 
-2443.137268 
-2443.191025 
-2443.137161 
-2443.136536 
-2443.134213 
-2443.134124 
-2443.133917 
-2443.133823 
-2443.133046 
-2443.131773 
-2443.131221 
-2443.122259 
-2443.190999 
-2443.115383 
-2443.115108 
-2443.114705 
-2443.190914 
-2443.190881 
-2443.190837 
-2443.190819 
-2443.190661 
-2443.190587 
-2443.190566 
-2443.190540 
-2443.190395 
-2443.190359 
-2443.190359 
-2443.190103 
-2443.190095 
-2443.190077 
-2443.190014 
-2443.190003 
-2443.189944 
-2443.189940 
-2443.189875 
-2443.189868 
-2443.189731 
-2443.189674 
-2443.189667 
-2443.189640 
-2443.189514 
-2443.189476 
-2443.189255 
-2443.189251 
-2443.189230 
-2443.189218 
-2443.189213 
-2443.188947 
-2443.188944 
-2443.188938 
-2443.188930 
-2443.188889 
-2443.188883 
-2443.188812 
-2443.188662 
-2443.188633 
-2443.188443 
-2443.188373 
-2443.188358 
-2443.188249 
-2443.188102 
-2443.188042 
-2443.187977 
-2443.187559 
-2443.187374 
-2443.187342 
-2443.187299 
-2443.187188 
-2443.187148 
-2443.187141 
-2443.187109 
-2443.186972 
-2443.186743 
-2443.186480 
-2443.186348 
-2443.186303 
-2443.186277 
-2443.186194 
-2443.186193 
-2427.128373 
-2427.126551 
-2427.125452 
-2427.125315 
-2427.125297 
-2427.124617 
-2427.123696 
-2427.123629 
-2427.123278 
-2427.074896 
-2427.074671 
-2427.074501 
-2427.074117 
-2427.074065 
-2427.073961 
-2427.073727 
-2427.073694 
-2427.073513 
-2427.073280 
-2427.123084 
-2427.073125 
-2427.073108 
-2427.072564 
-2427.072375 
-2427.072311 
-2427.072121 
-2427.072010 
-2427.071667 
-2427.070288 
-2427.055828 
-2427.122454 
-2427.122404 
-2427.122358 
-2427.121644 
-2427.120971 
-2427.120950 
-2427.120940 
-2427.120476 
-2427.118837 
-2427.118498 
-2427.117807 
-2427.115667 
-2427.115116 
-2427.114692 
-2427.113966 
-2427.113859 
-2427.113572 
-2427.113462 
-2427.112900 
-2427.112588 
-2427.112487 
-2427.112263 
-2427.111647 
-2427.111533 
-2427.110946 
-2427.110506 
-2427.110500 
-2427.110376 
-2427.109780 
-2427.108505 
-2427.107613 
-2427.107236 
-2427.107176 
-2427.107163 
-2427.107067 
-2427.106204 
-2427.106051 
-2427.105575 
-2427.105454 
-2427.105429 
-2427.104695 
-2427.104580 
-2427.104128 
-2427.103813 
-2427.103657 
-2427.103473 
-2427.102393 
-2427.101951 
-2427.101747 
-2427.101642 
-2427.101293 
-2427.100995 
-2427.100154 
-2427.099569 
-2427.099363 
-2427.098673 
-2427.097813 
-2427.097499 
-2427.096898 
-2427.096890 
-2427.096551 
-2427.096319 
-2427.095785 
-2427.095550 
-2427.095482 
-2427.094699 
-2427.094430 
-2427.094151 
-2427.093888 
-2427.091781 
-2427.090819 
-2427.090559 
-2427.090492 
-2427.090312 
-2427.089867 
-2427.089312 
-2427.087769 
-2427.087272 
-2427.086946 
-2427.086622 
-2427.081457 
-2427.080158 
-2427.080101 
-2427.078429 
-2427.076456 
-2427.076033 
-2427.075560 
-2427.075300 
-2427.074912 
-2521.735592 
-2521.735486 
-2521.735091 
-2521.735090 
-2521.734992 
-2521.734872 
-2521.734685 
-2521.734554 
-2521.734542 
-2521.728539 
-2521.728464 
-2521.728277 
-2521.728266 
-2521.728214 
-2521.728129 
-2521.728044 
-2521.728044 
-2521.728028 
-2521.728012 
-2521.734529 
-2521.727984 
-2521.727971 
-2521.727882 
-2521.727851 
-2521.727751 
-2521.727625 
-2521.727295 
-2521.727147 
-2521.727126 
-2521.727022 
-2521.734381 
-2521.726993 
-2521.726895 
-2521.726861 
-2521.726777 
-2521.726567 
-2521.726506 
-2521.726460 
-2521.726433 
-2521.726398 
-2521.726243 
-2521.734292 
-2521.726241 
-2521.726124 
-2521.725961 
-2521.725936 
-2521.725893 
-2521.725850 
-2521.725775 
-2521.725741 
-2521.725176 
-2521.725114 
-2521.734007 
-2521.725031 
-2521.724815 
-2521.724722 
-2521.724677 
-2521.724577 
-2521.724562 
-2521.724449 
-2521.724392 
-2521.724195 
-2521.724068 
-2521.733843 
-2521.723979 
-2521.723952 
-2521.723948 
-2521.723856 
-2521.723845 
-2521.723769 
-2521.723660 
-2521.723495 
-2521.723382 
-2521.723166 
-2521.733779 
-2521.722951 
-2521.722422 
-2521.722401 
-2521.722191 
-2521.722082 
-2521.721779 
-2521.721596 
-2521.721346 
-2521.721310 
-2521.721255 
-2521.733748 
-2521.720909 
-2521.720866 
-2521.720776 
-2521.720664 
-2521.720640 
-2521.720495 
-2521.720448 
-2521.720360 
-2521.720198 
-2521.719861 
-2521.733733 
-2521.719745 
-2521.719718 
-2521.719717 
-2521.719580 
-2521.719489 
-2521.719422 
-2521.719419 
-2521.719396 
-2521.719326 
-2521.718912 
-2521.733610 
-2521.718893 
-2521.718809 
-2521.718520 
-2521.718510 
-2521.718349 
-2521.718267 
-2521.718258 
-2521.718073 
-2521.717921 
-2521.717854 
-2521.733413 
-2521.717841 
-2521.717750 
-2521.717742 
-2521.717310 
-2521.717171 
-2521.717071 
-2521.716904 
-2521.716877 
-2521.716818 
-2521.716643 
-2521.733321 
-2521.716587 
-2521.716488 
-2521.716338 
-2521.716284 
-2521.716175 
-2521.716096 
-2521.716078 
-2521.715919 
-2521.715908 
-2521.715851 
-2521.733277 
-2521.715642 
-2521.715496 
-2521.715479 
-2521.715423 
-2521.715412 
-2521.715364 
-2521.715323 
-2521.715282 
-2521.715272 
-2521.715189 
-2521.733137 
-2521.715181 
-2521.715127 
-2521.714980 
-2521.714932 
-2521.714840 
-2521.714713 
-2521.714567 
-2521.714411 
-2521.714401 
-2521.714393 
-2521.732858 
-2521.714293 
-2521.713986 
-2521.713865 
-2521.713702 
-2521.713546 
-2521.713537 
-2521.713384 
-2521.713360 
-2521.713209 
-2521.713166 
-2521.732768 
-2521.713111 
-2521.712997 
-2521.712992 
-2521.712930 
-2521.712897 
-2521.712816 
-2521.712642 
-2521.712538 
-2521.712152 
-2521.711878 
-2521.732387 
-2521.711861 
-2521.711463 
-2521.711441 
-2521.711322 
-2521.711230 
-2521.711216 
-2521.711000 
-2521.710442 
-2521.710169 
-2521.710160 
-2521.732374 
-2521.710000 
-2521.709981 
-2521.709712 
-2521.709601 
-2521.709504 
-2521.709480 
-2521.709400 
-2521.709380 
-2521.709353 
-2521.709102 
-2521.732282 
-2521.709035 
-2521.708896 
-2521.708864 
-2521.708718 
-2521.708701 
-2521.708643 
-2521.708563 
-2521.708510 
-2521.708480 
-2521.708308 
-2521.732260 
-2521.708275 
-2521.708229 
-2521.708199 
-2521.708053 
-2521.707897 
-2521.707727 
-2521.707695 
-2521.707410 
-2521.707285 
-2521.707211 
-2521.732238 
-2521.707045 
-2521.706985 
-2521.706973 
-2521.705871 
-2521.705723 
-2521.705708 
-2521.705701 
-2521.705643 
-2521.705643 
-2521.705484 
-2521.732119 
-2521.704952 
-2521.704710 
-2521.704555 
-2521.703856 
-2521.703734 
-2521.703553 
-2521.703327 
-2521.703209 
-2521.702337 
-2521.701987 
-2521.732066 
-2521.701749 
-2521.701596 
-2521.701299 
-2521.700317 
-2521.698220 
-2521.697504 
-2521.696516 
-2521.694636 
-2521.687841 
-2521.685384 
-2521.731995 
-2521.683899 
-2521.682840 
-2521.682117 
-2521.680917 
-2521.680711 
-2521.679593 
-2521.670131 
-2521.664953 
-2521.662806 
-2521.365779 
-2521.731978 
-2521.731925 
-2521.731908 
-2521.731907 
-2521.731816 
-2521.731791 
-2521.731765 
-2521.731749 
-2521.731724 
-2521.731692 
-2521.731537 
-2521.731530 
-2521.731192 
-2521.731107 
-2521.730950 
-2521.730888 
-2521.730842 
-2521.730822 
-2521.730801 
-2521.730788 
-2521.730751 
-2521.730748 
-2521.730748 
-2521.730710 
-2521.730513 
-2521.730457 
-2521.730456 
-2521.730420 
-2521.730412 
-2521.730232 
-2521.730216 
-2521.730162 
-2521.730118 
-2521.730094 
-2521.730021 
-2521.729989 
-2521.729911 
-2521.729911 
-2521.729899 
-2521.729843 
-2521.729781 
-2521.729716 
-2521.729627 
-2521.729609 
-2521.729517 
-2521.729508 
-2521.729500 
-2521.729414 
-2521.729369 
-2521.729199 
-2521.729173 
-2521.729167 
-2521.729141 
-2521.729000 
-2521.728990 
-2521.728875 
-2521.728840 
-2521.728800 
-2521.728792 
-2521.728752 
-2521.728747 
-2521.728667 
-2521.728639 
-2521.728638 
-2521.728626 
-2521.728583 
-2521.728579 
-2600.285720 
-2600.284866 
-2600.283711 
-2600.283615 
-2600.283149 
-2600.282925 
-2600.282735 
-2600.282594 
-2600.282579 
-2600.276797 
-2600.276738 
-2600.276656 
-2600.276629 
-2600.276579 
-2600.276563 
-2600.276475 
-2600.276475 
-2600.276462 
-2600.276440 
-2600.282486 
-2600.276330 
-2600.276256 
-2600.276068 
-2600.275972 
-2600.275925 
-2600.275883 
-2600.275824 
-2600.275663 
-2600.275543 
-2600.275539 
-2600.282408 
-2600.275499 
-2600.275486 
-2600.275440 
-2600.275415 
-2600.275410 
-2600.275315 
-2600.275204 
-2600.275163 
-2600.275120 
-2600.275098 
-2600.282399 
-2600.274845 
-2600.274798 
-2600.274793 
-2600.274597 
-2600.274483 
-2600.274480 
-2600.274377 
-2600.274251 
-2600.274138 
-2600.274116 
-2600.282195 
-2600.273864 
-2600.273845 
-2600.273816 
-2600.273800 
-2600.273756 
-2600.273682 
-2600.273552 
-2600.273509 
-2600.273505 
-2600.273449 
-2600.281694 
-2600.273382 
-2600.273358 
-2600.273272 
-2600.273258 
-2600.272968 
-2600.272917 
-2600.272659 
-2600.272360 
-2600.272156 
-2600.272103 
-2600.281609 
-2600.272008 
-2600.271813 
-2600.271811 
-2600.271783 
-2600.271741 
-2600.271658 
-2600.271554 
-2600.271238 
-2600.271210 
-2600.271175 
-2600.281471 
-2600.270738 
-2600.270594 
-2600.270564 
-2600.270454 
-2600.270411 
-2600.270393 
-2600.270311 
-2600.270221 
-2600.270105 
-2600.269436 
-2600.281466 
-2600.269292 
-2600.269251 
-2600.269202 
-2600.269176 
-2600.268656 
-2600.268477 
-2600.268248 
-2600.268120 
-2600.268069 
-2600.268007 
-2600.281241 
-2600.267941 
-2600.267871 
-2600.267673 
-2600.267330 
-2600.266239 
-2600.266071 
-2600.265601 
-2600.265566 
-2600.265346 
-2600.265328 
-2600.281173 
-2600.264948 
-2600.264870 
-2600.264645 
-2600.264515 
-2600.264047 
-2600.263844 
-2600.263807 
-2600.263515 
-2600.263393 
-2600.263386 
-2600.281031 
-2600.263146 
-2600.262786 
-2600.262614 
-2600.262446 
-2600.262378 
-2600.262187 
-2600.262059 
-2600.261742 
-2600.261537 
-2600.261250 
-2600.281000 
-2600.261003 
-2600.260725 
-2600.260494 
-2600.260400 
-2600.260360 
-2600.260319 
-2600.260277 
-2600.260163 
-2600.260100 
-2600.260037 
-2600.280921 
-2600.259692 
-2600.259662 
-2600.259590 
-2600.259528 
-2600.259492 
-2600.259444 
-2600.259235 
-2600.259190 
-2600.259159 
-2600.258991 
-2600.280883 
-2600.258842 
-2600.258694 
-2600.258459 
-2600.258247 
-2600.258192 
-2600.258172 
-2600.258106 
-2600.258105 
-2600.258091 
-2600.258083 
-2600.280842 
-2600.258053 
-2600.257969 
-2600.257952 
-2600.257688 
-2600.257501 
-2600.257444 
-2600.257434 
-2600.257386 
-2600.257234 
-2600.257204 
-2600.280767 
-2600.257137 
-2600.257046 
-2600.256837 
-2600.256753 
-2600.256395 
-2600.256263 
-2600.256193 
-2600.255978 
-2600.255938 
-2600.255928 
-2600.280618 
-2600.255888 
-2600.255886 
-2600.255866 
-2600.255770 
-2600.255734 
-2600.255552 
-2600.255453 
-2600.255169 
-2600.255068 
-2600.255055 
-2600.280596 
-2600.255053 
-2600.254958 
-2600.254930 
-2600.254926 
-2600.254917 
-2600.254883 
-2600.254765 
-2600.254608 
-2600.254494 
-2600.254399 
-2600.280435 
-2600.254312 
-2600.254283 
-2600.254024 
-2600.254011 
-2600.253802 
-2600.253727 
-2600.253644 
-2600.253601 
-2600.253596 
-2600.253479 
-2600.280415 
-2600.253323 
-2600.253319 
-2600.253049 
-2600.253034 
-2600.252968 
-2600.252968 
-2600.252909 
-2600.252817 
-2600.252677 
-2600.252483 
-2600.280370 
-2600.252313 
-2600.252294 
-2600.252240 
-2600.252129 
-2600.252111 
-2600.252102 
-2600.252024 
-2600.251600 
-2600.251585 
-2600.251298 
-2600.280346 
-2600.251284 
-2600.251187 
-2600.251169 
-2600.250999 
-2600.250843 
-2600.250423 
-2600.250156 
-2600.250126 
-2600.250121 
-2600.250070 
-2600.280281 
-2600.250022 
-2600.250011 
-2600.249960 
-2600.249428 
-2600.249422 
-2600.249216 
-2600.249208 
-2600.248992 
-2600.248984 
-2600.248474 
-2600.280262 
-2600.248140 
-2600.248121 
-2600.248095 
-2600.248008 
-2600.247983 
-2600.247758 
-2600.247751 
-2600.247739 
-2600.247733 
-2600.247516 
-2600.280005 
-2600.247172 
-2600.246967 
-2600.246861 
-2600.246809 
-2600.246752 
-2600.246687 
-2600.246687 
-2600.246521 
-2600.246396 
-2600.246244 
-2600.279954 
-2600.246008 
-2600.245935 
-2600.245875 
-2600.245777 
-2600.245739 
-2600.245659 
-2600.245458 
-2600.245179 
-2600.244834 
-2600.244816 
-2600.279951 
-2600.244457 
-2600.244403 
-2600.244202 
-2600.243991 
-2600.243924 
-2600.243879 
-2600.243707 
-2600.243685 
-2600.243442 
-2600.243391 
-2600.279942 
-2600.243265 
-2600.243134 
-2600.242804 
-2600.242773 
-2600.242504 
-2600.242408 
-2600.242274 
-2600.242022 
-2600.241917 
-2600.241761 
-2600.279921 
-2600.241750 
-2600.241737 
-2600.241349 
-2600.241325 
-2600.240928 
-2600.240778 
-2600.240536 
-2600.240388 
-2600.240314 
-2600.240163 
-2600.279877 
-2600.239917 
-2600.239856 
-2600.239409 
-2600.239255 
-2600.239140 
-2600.239071 
-2600.238731 
-2600.238620 
-2600.238592 
-2600.238498 
-2600.279864 
-2600.237057 
-2600.237012 
-2600.236900 
-2600.236797 
-2600.236670 
-2600.236631 
-2600.236530 
-2600.235469 
-2600.235463 
-2600.235356 
-2600.279833 
-2600.234867 
-2600.234589 
-2600.234308 
-2600.234125 
-2600.233861 
-2600.233385 
-2600.232179 
-2600.232029 
-2600.231049 
-2600.230604 
-2600.279601 
-2600.229316 
-2600.229227 
-2600.226935 
-2600.226834 
-2600.226568 
-2600.225431 
-2600.225338 
-2600.224866 
-2600.224295 
-2600.224211 
-2600.279460 
-2600.223039 
-2600.222143 
-2600.221640 
-2600.220757 
-2600.218061 
-2600.216284 
-2600.211495 
-2600.206643 
-2600.205460 
-2600.279410 
-2600.279408 
-2600.279365 
-2600.279339 
-2600.279326 
-2600.279028 
-2600.278982 
-2600.278780 
-2600.278733 
-2600.278717 
-2600.278717 
-2600.278702 
-2600.278701 
-2600.278663 
-2600.278551 
-2600.278501 
-2600.278473 
-2600.278469 
-2600.278401 
-2600.278389 
-2600.278305 
-2600.278246 
-2600.278197 
-2600.278136 
-2600.278112 
-2600.278072 
-2600.277903 
-2600.277840 
-2600.277760 
-2600.277746 
-2600.277733 
-2600.277723 
-2600.277627 
-2600.277609 
-2600.277570 
-2600.277541 
-2600.277425 
-2600.277379 
-2600.277350 
-2600.277312 
-2600.277303 
-2600.277244 
-2600.277188 
-2600.277176 
-2600.277149 
-2600.277050 
-2600.277038 
-2600.277033 
-2600.276981 
-2600.276902 
-2600.276858 
-2600.276838 
-2600.276830 
-2600.276827 
-2600.276814 
-2600.276801 
-2521.744147 
-2521.743312 
-2521.743189 
-2521.743155 
-2521.742890 
-2521.742693 
-2521.742217 
-2521.741770 
-2521.741657 
-2521.735697 
-2521.735695 
-2521.735682 
-2521.735673 
-2521.735584 
-2521.735582 
-2521.735530 
-2521.735505 
-2521.735482 
-2521.735433 
-2521.741630 
-2521.735418 
-2521.735307 
-2521.735301 
-2521.735236 
-2521.735229 
-2521.735206 
-2521.735142 
-2521.735076 
-2521.735032 
-2521.734972 
-2521.741416 
-2521.734964 
-2521.734951 
-2521.734896 
-2521.734854 
-2521.734782 
-2521.734749 
-2521.734725 
-2521.734716 
-2521.734711 
-2521.734656 
-2521.741398 
-2521.734589 
-2521.734439 
-2521.734415 
-2521.734250 
-2521.734223 
-2521.734158 
-2521.734150 
-2521.734148 
-2521.734118 
-2521.734106 
-2521.741155 
-2521.734058 
-2521.734023 
-2521.734017 
-2521.733976 
-2521.733970 
-2521.733871 
-2521.733849 
-2521.733793 
-2521.733729 
-2521.733719 
-2521.741047 
-2521.733672 
-2521.733672 
-2521.733553 
-2521.733538 
-2521.733512 
-2521.733406 
-2521.733392 
-2521.733319 
-2521.733171 
-2521.733148 
-2521.740967 
-2521.733073 
-2521.733054 
-2521.733035 
-2521.732992 
-2521.732985 
-2521.732970 
-2521.732967 
-2521.732823 
-2521.732788 
-2521.732352 
-2521.740780 
-2521.732350 
-2521.732191 
-2521.732058 
-2521.731988 
-2521.731594 
-2521.731589 
-2521.731541 
-2521.731487 
-2521.731483 
-2521.731435 
-2521.740694 
-2521.731412 
-2521.731362 
-2521.731313 
-2521.731292 
-2521.731279 
-2521.731142 
-2521.731137 
-2521.731075 
-2521.730934 
-2521.730925 
-2521.740657 
-2521.730845 
-2521.730813 
-2521.730619 
-2521.730288 
-2521.730187 
-2521.730091 
-2521.730085 
-2521.730005 
-2521.729947 
-2521.729773 
-2521.740625 
-2521.729677 
-2521.729598 
-2521.729372 
-2521.729236 
-2521.729069 
-2521.728648 
-2521.728611 
-2521.728608 
-2521.728519 
-2521.728461 
-2521.740543 
-2521.728322 
-2521.727907 
-2521.727767 
-2521.727672 
-2521.727547 
-2521.727328 
-2521.727309 
-2521.727214 
-2521.727073 
-2521.727013 
-2521.740346 
-2521.726936 
-2521.726865 
-2521.726214 
-2521.726112 
-2521.725907 
-2521.725726 
-2521.725714 
-2521.725519 
-2521.725480 
-2521.725411 
-2521.740188 
-2521.725410 
-2521.725073 
-2521.723863 
-2521.723709 
-2521.723690 
-2521.723485 
-2521.723453 
-2521.723442 
-2521.723425 
-2521.723350 
-2521.740183 
-2521.722692 
-2521.722635 
-2521.722302 
-2521.722276 
-2521.722272 
-2521.722195 
-2521.721777 
-2521.721747 
-2521.721686 
-2521.721276 
-2521.740087 
-2521.720918 
-2521.720868 
-2521.720868 
-2521.720373 
-2521.720370 
-2521.720261 
-2521.720227 
-2521.720190 
-2521.720156 
-2521.720086 
-2521.739969 
-2521.719966 
-2521.719857 
-2521.719825 
-2521.719661 
-2521.719582 
-2521.719582 
-2521.719521 
-2521.719266 
-2521.719129 
-2521.718929 
-2521.739918 
-2521.718860 
-2521.718751 
-2521.718444 
-2521.718421 
-2521.718418 
-2521.718346 
-2521.718343 
-2521.718320 
-2521.718234 
-2521.718136 
-2521.739848 
-2521.718114 
-2521.718071 
-2521.717633 
-2521.717633 
-2521.717528 
-2521.717449 
-2521.717439 
-2521.717391 
-2521.717185 
-2521.717170 
-2521.739804 
-2521.717012 
-2521.716886 
-2521.716685 
-2521.716654 
-2521.716536 
-2521.716526 
-2521.716437 
-2521.716430 
-2521.716380 
-2521.716227 
-2521.739768 
-2521.716166 
-2521.716128 
-2521.716122 
-2521.716079 
-2521.716017 
-2521.716017 
-2521.715862 
-2521.715774 
-2521.715705 
-2521.715662 
-2521.739348 
-2521.715628 
-2521.715623 
-2521.715602 
-2521.715579 
-2521.715399 
-2521.715280 
-2521.715246 
-2521.715089 
-2521.715032 
-2521.714858 
-2521.738924 
-2521.714809 
-2521.714802 
-2521.714764 
-2521.714691 
-2521.714664 
-2521.714595 
-2521.714511 
-2521.714474 
-2521.714405 
-2521.714396 
-2521.738900 
-2521.714176 
-2521.714175 
-2521.713991 
-2521.713987 
-2521.713957 
-2521.713953 
-2521.713819 
-2521.713815 
-2521.713811 
-2521.713725 
-2521.738775 
-2521.713670 
-2521.713652 
-2521.713629 
-2521.713530 
-2521.713520 
-2521.713481 
-2521.713471 
-2521.713391 
-2521.713355 
-2521.713282 
-2521.738457 
-2521.713252 
-2521.713197 
-2521.713142 
-2521.713089 
-2521.713029 
-2521.713009 
-2521.712984 
-2521.712883 
-2521.712857 
-2521.712854 
-2521.738368 
-2521.712768 
-2521.712688 
-2521.712581 
-2521.712489 
-2521.712486 
-2521.712482 
-2521.712457 
-2521.712271 
-2521.712170 
-2521.712083 
-2521.738322 
-2521.712044 
-2521.711999 
-2521.711975 
-2521.711963 
-2521.711942 
-2521.711937 
-2521.711926 
-2521.711902 
-2521.711881 
-2521.711843 
-2521.738297 
-2521.711703 
-2521.711695 
-2521.711678 
-2521.711628 
-2521.711600 
-2521.711343 
-2521.711121 
-2521.710873 
-2521.710859 
-2521.710804 
-2521.738286 
-2521.710616 
-2521.710606 
-2521.710597 
-2521.710399 
-2521.710392 
-2521.710218 
-2521.710008 
-2521.709893 
-2521.709872 
-2521.709834 
-2521.738243 
-2521.709832 
-2521.709757 
-2521.709675 
-2521.709642 
-2521.709587 
-2521.709501 
-2521.709488 
-2521.709383 
-2521.709345 
-2521.709331 
-2521.738216 
-2521.709173 
-2521.709107 
-2521.709015 
-2521.709002 
-2521.708917 
-2521.708905 
-2521.708780 
-2521.708727 
-2521.708721 
-2521.708703 
-2521.738007 
-2521.708641 
-2521.708572 
-2521.708414 
-2521.708401 
-2521.708368 
-2521.708316 
-2521.708172 
-2521.708158 
-2521.708128 
-2521.708089 
-2521.737969 
-2521.708044 
-2521.707998 
-2521.707894 
-2521.707774 
-2521.707718 
-2521.707685 
-2521.707641 
-2521.707636 
-2521.707618 
-2521.707606 
-2521.737964 
-2521.707534 
-2521.707498 
-2521.707426 
-2521.707421 
-2521.707346 
-2521.707296 
-2521.707238 
-2521.707001 
-2521.706943 
-2521.706910 
-2521.737938 
-2521.706877 
-2521.706767 
-2521.706689 
-2521.706685 
-2521.706649 
-2521.706632 
-2521.706539 
-2521.706496 
-2521.706468 
-2521.706387 
-2521.737912 
-2521.706365 
-2521.706305 
-2521.706253 
-2521.706199 
-2521.705987 
-2521.705804 
-2521.705734 
-2521.705650 
-2521.705620 
-2521.705552 
-2521.737903 
-2521.705214 
-2521.705181 
-2521.705084 
-2521.705082 
-2521.704801 
-2521.704511 
-2521.704267 
-2521.704267 
-2521.704167 
-2521.703894 
-2521.737901 
-2521.703648 
-2521.703590 
-2521.703168 
-2521.703004 
-2521.702957 
-2521.702824 
-2521.702416 
-2521.701754 
-2521.701641 
-2521.701599 
-2521.737828 
-2521.701557 
-2521.701268 
-2521.700791 
-2521.700665 
-2521.700184 
-2521.700126 
-2521.700042 
-2521.699808 
-2521.699621 
-2521.699551 
-2521.737810 
-2521.699245 
-2521.699010 
-2521.698682 
-2521.698643 
-2521.698181 
-2521.698052 
-2521.697521 
-2521.696439 
-2521.696376 
-2521.696002 
-2521.737725 
-2521.695818 
-2521.695502 
-2521.694219 
-2521.694157 
-2521.692147 
-2521.691224 
-2521.691027 
-2521.690995 
-2521.690860 
-2521.690584 
-2521.690513 
-2521.690280 
-2521.689742 
-2521.689667 
-2521.689619 
-2521.689344 
-2521.689248 
-2521.688667 
-2521.688470 
-2521.688460 
-2521.737721 
-2521.688167 
-2521.688143 
-2521.688045 
-2521.687801 
-2521.687571 
-2521.687415 
-2521.687344 
-2521.686883 
-2521.686676 
-2521.686554 
-2521.737711 
-2521.686174 
-2521.685720 
-2521.685393 
-2521.685336 
-2521.685172 
-2521.684590 
-2521.684464 
-2521.684315 
-2521.684241 
-2521.684034 
-2521.737682 
-2521.683531 
-2521.683515 
-2521.683273 
-2521.683222 
-2521.683171 
-2521.683160 
-2521.682890 
-2521.682685 
-2521.682679 
-2521.682670 
-2521.737678 
-2521.682661 
-2521.682577 
-2521.682136 
-2521.681661 
-2521.681576 
-2521.681445 
-2521.681300 
-2521.680997 
-2521.680975 
-2521.680839 
-2521.737671 
-2521.680725 
-2521.680614 
-2521.680454 
-2521.680273 
-2521.680235 
-2521.680048 
-2521.679963 
-2521.679692 
-2521.679430 
-2521.679130 
-2521.737522 
-2521.678727 
-2521.678548 
-2521.677699 
-2521.677328 
-2521.676702 
-2521.676544 
-2521.675879 
-2521.675759 
-2521.675482 
-2521.675333 
-2521.737472 
-2521.673266 
-2521.671996 
-2521.671121 
-2521.667705 
-2521.664783 
-2521.663799 
-2521.663175 
-2521.661743 
-2521.661174 
-2521.658512 
-2521.737431 
-2521.644334 
-2521.591643 
-2521.555020 
-2521.479918 
-2521.737421 
-2521.737418 
-2521.737339 
-2521.737339 
-2521.737307 
-2521.737275 
-2521.737212 
-2521.737147 
-2521.737085 
-2521.737021 
-2521.736967 
-2521.736891 
-2521.736850 
-2521.736807 
-2521.736741 
-2521.736712 
-2521.736693 
-2521.736687 
-2521.736654 
-2521.736592 
-2521.736584 
-2521.736568 
-2521.736443 
-2521.736407 
-2521.736309 
-2521.736257 
-2521.736249 
-2521.736231 
-2521.736218 
-2521.736172 
-2521.736158 
-2521.736142 
-2521.736118 
-2521.736024 
-2521.735943 
-2521.735896 
-2521.735886 
-2521.735884 
-2521.735790 
-2521.735768 
-2505.677861 
-2505.674328 
-2505.674160 
-2505.673999 
-2505.673582 
-2505.672696 
-2505.672457 
-2505.672274 
-2505.672231 
-2505.647940 
-2505.647791 
-2505.647710 
-2505.647664 
-2505.647446 
-2505.647257 
-2505.647250 
-2505.647034 
-2505.646940 
-2505.646625 
-2505.671941 
-2505.646550 
-2505.646347 
-2505.646201 
-2505.645700 
-2505.645610 
-2505.645477 
-2505.645462 
-2505.645441 
-2505.645404 
-2505.645325 
-2505.671919 
-2505.645262 
-2505.645236 
-2505.645120 
-2505.644887 
-2505.644881 
-2505.644821 
-2505.644376 
-2505.644323 
-2505.644131 
-2505.643430 
-2505.671748 
-2505.643190 
-2505.642643 
-2505.642519 
-2505.642461 
-2505.642396 
-2505.642345 
-2505.642156 
-2505.641909 
-2505.641877 
-2505.641814 
-2505.671352 
-2505.641803 
-2505.641718 
-2505.641686 
-2505.641000 
-2505.640883 
-2505.640660 
-2505.640579 
-2505.640572 
-2505.640436 
-2505.639761 
-2505.671226 
-2505.639722 
-2505.639547 
-2505.639494 
-2505.639254 
-2505.639254 
-2505.639133 
-2505.638829 
-2505.638054 
-2505.637915 
-2505.637525 
-2505.671060 
-2505.637151 
-2505.636720 
-2505.636662 
-2505.636313 
-2505.635919 
-2505.635755 
-2505.635614 
-2505.635564 
-2505.635548 
-2505.635529 
-2505.670941 
-2505.635528 
-2505.634920 
-2505.634349 
-2505.633824 
-2505.633620 
-2505.632900 
-2505.632369 
-2505.632272 
-2505.631681 
-2505.631505 
-2505.670776 
-2505.631470 
-2505.630151 
-2505.630125 
-2505.629388 
-2505.629096 
-2505.628933 
-2505.628421 
-2505.625621 
-2505.625507 
-2505.625254 
-2505.670491 
-2505.624898 
-2505.623990 
-2505.623885 
-2505.623194 
-2505.622874 
-2505.622063 
-2505.620837 
-2505.620720 
-2505.619705 
-2505.619511 
-2505.670158 
-2505.619263 
-2505.619182 
-2505.619144 
-2505.617861 
-2505.617704 
-2505.617527 
-2505.617295 
-2505.616637 
-2505.616567 
-2505.616461 
-2505.670097 
-2505.616369 
-2505.616335 
-2505.616218 
-2505.616121 
-2505.615995 
-2505.615967 
-2505.615963 
-2505.615664 
-2505.615584 
-2505.615570 
-2505.669989 
-2505.615481 
-2505.615362 
-2505.614388 
-2505.614211 
-2505.613432 
-2505.612957 
-2505.612866 
-2505.612356 
-2505.612350 
-2505.612039 
-2505.669940 
-2505.611251 
-2505.604587 
-2505.597692 
-2505.596164 
-2505.596131 
-2505.595735 
-2505.669877 
-2505.669671 
-2505.669613 
-2505.669529 
-2505.669432 
-2505.669257 
-2505.669132 
-2505.669047 
-2505.669039 
-2505.669003 
-2505.668977 
-2505.668712 
-2505.668708 
-2505.668497 
-2505.668465 
-2505.668393 
-2505.668248 
-2505.668153 
-2505.667714 
-2505.667513 
-2505.667402 
-2505.667309 
-2505.666906 
-2505.666873 
-2505.666606 
-2505.666586 
-2505.666230 
-2505.665619 
-2505.665341 
-2505.665254 
-2505.663194 
-2505.662547 
-2505.661430 
-2505.658726 
-2505.656257 
-2505.655639 
-2505.654045 
-2505.654013 
-2505.653711 
-2505.653320 
-2505.653269 
-2505.653208 
-2505.653132 
-2505.652955 
-2505.652853 
-2505.652814 
-2505.652814 
-2505.652773 
-2505.652646 
-2505.652601 
-2505.652240 
-2505.652226 
-2505.652213 
-2505.651960 
-2505.651698 
-2505.651685 
-2505.651297 
-2505.651159 
-2505.651159 
-2505.651065 
-2505.651022 
-2505.650980 
-2505.650967 
-2505.650789 
-2505.650734 
-2505.650434 
-2505.650428 
-2505.649443 
-2505.649360 
-2505.649342 
-2505.649301 
-2505.649220 
-2505.649188 
-2505.649028 
-2505.648771 
-2505.648479 
-2505.648242 
-2561.014092 
-2561.012435 
-2561.011926 
-2561.009699 
-2561.009406 
-2561.009140 
-2561.008486 
-2561.008338 
-2561.008108 
-2561.000939 
-2561.000868 
-2561.000788 
-2561.000417 
-2561.000401 
-2561.000244 
-2561.000187 
-2561.000095 
-2561.000021 
-2560.999978 
-2561.007608 
-2560.999927 
-2560.999864 
-2560.999790 
-2560.999665 
-2560.999563 
-2560.999474 
-2560.999382 
-2560.999088 
-2560.998605 
-2560.998585 
-2561.007549 
-2560.998523 
-2560.998507 
-2560.998440 
-2560.998382 
-2560.998241 
-2560.998105 
-2560.998039 
-2560.997885 
-2560.997747 
-2560.997722 
-2561.007542 
-2560.997271 
-2560.997252 
-2560.997229 
-2560.997173 
-2560.996886 
-2560.996758 
-2560.996559 
-2560.996416 
-2560.996333 
-2560.996170 
-2561.007517 
-2560.996099 
-2560.995729 
-2560.995669 
-2560.995581 
-2560.995517 
-2560.995490 
-2560.994818 
-2560.994428 
-2560.994278 
-2560.994261 
-2561.007457 
-2560.994188 
-2560.994025 
-2560.993594 
-2560.993562 
-2560.993365 
-2560.993186 
-2560.992952 
-2560.992583 
-2560.992508 
-2560.992359 
-2561.007408 
-2560.992221 
-2560.992176 
-2560.992010 
-2560.991808 
-2560.991798 
-2560.991782 
-2560.991674 
-2560.991643 
-2560.991635 
-2560.991482 
-2561.007283 
-2560.991469 
-2560.991139 
-2560.991085 
-2560.990919 
-2560.990888 
-2560.990842 
-2560.990824 
-2560.990739 
-2560.990655 
-2560.990641 
-2561.007064 
-2560.990621 
-2560.990492 
-2560.990232 
-2560.990034 
-2560.989987 
-2560.989415 
-2560.989238 
-2560.989156 
-2560.988807 
-2560.988564 
-2561.006856 
-2560.988463 
-2560.988444 
-2560.988086 
-2560.988057 
-2560.988015 
-2560.987908 
-2560.987723 
-2560.987248 
-2560.987196 
-2560.986987 
-2561.006731 
-2560.986964 
-2560.986944 
-2560.986871 
-2560.986813 
-2560.986802 
-2560.986703 
-2560.986689 
-2560.986525 
-2560.986452 
-2560.986360 
-2561.006347 
-2560.986305 
-2560.986250 
-2560.986189 
-2560.986112 
-2560.985932 
-2560.985922 
-2560.985831 
-2560.985672 
-2560.985660 
-2560.985582 
-2561.006238 
-2560.985444 
-2560.985255 
-2560.985189 
-2560.985094 
-2560.985010 
-2560.984805 
-2560.984775 
-2560.984765 
-2560.984716 
-2560.984700 
-2561.006097 
-2560.984688 
-2560.984636 
-2560.984581 
-2560.984550 
-2560.984433 
-2560.984381 
-2560.984328 
-2560.984300 
-2560.984222 
-2560.984133 
-2561.006095 
-2560.984058 
-2560.984008 
-2560.983864 
-2560.983757 
-2560.983622 
-2560.983597 
-2560.983544 
-2560.983455 
-2560.983447 
-2560.983256 
-2561.006015 
-2560.983166 
-2560.983147 
-2560.983092 
-2560.983068 
-2560.983050 
-2560.983047 
-2560.982999 
-2560.982959 
-2560.982879 
-2560.982798 
-2561.005991 
-2560.982759 
-2560.982613 
-2560.982597 
-2560.982584 
-2560.982541 
-2560.982477 
-2560.982422 
-2560.982384 
-2560.982309 
-2560.982300 
-2561.005940 
-2560.982290 
-2560.982262 
-2560.982244 
-2560.982161 
-2560.982151 
-2560.982012 
-2560.981938 
-2560.981907 
-2560.981818 
-2560.981664 
-2561.005931 
-2560.981662 
-2560.981647 
-2560.981616 
-2560.981612 
-2560.981531 
-2560.981515 
-2560.981406 
-2560.981353 
-2560.981054 
-2560.981022 
-2561.005878 
-2560.980879 
-2560.980727 
-2560.980704 
-2560.980574 
-2560.980518 
-2560.980512 
-2560.980492 
-2560.980386 
-2560.980292 
-2560.980252 
-2561.005792 
-2560.980238 
-2560.980237 
-2560.980140 
-2560.980097 
-2560.979971 
-2560.979892 
-2560.979727 
-2560.979687 
-2560.979682 
-2560.979627 
-2561.005756 
-2560.979500 
-2560.979409 
-2560.979319 
-2560.979267 
-2560.979230 
-2560.979225 
-2560.979180 
-2560.979150 
-2560.978956 
-2560.978883 
-2561.005753 
-2560.978821 
-2560.978753 
-2560.978735 
-2560.978666 
-2560.978561 
-2560.978536 
-2560.978493 
-2560.978488 
-2560.978398 
-2560.978316 
-2561.005713 
-2560.978269 
-2560.978256 
-2560.978226 
-2560.978185 
-2560.978156 
-2560.978101 
-2560.977769 
-2560.977625 
-2560.977533 
-2560.977360 
-2561.005585 
-2560.977187 
-2560.976913 
-2560.976854 
-2560.976807 
-2560.976787 
-2560.976404 
-2560.976317 
-2560.976305 
-2560.976276 
-2560.976215 
-2561.005580 
-2560.976106 
-2560.976103 
-2560.976065 
-2560.975947 
-2560.975940 
-2560.975926 
-2560.975920 
-2560.975807 
-2560.975708 
-2560.975618 
-2561.005548 
-2560.975581 
-2560.975429 
-2560.975419 
-2560.975404 
-2560.975321 
-2560.975229 
-2560.975168 
-2560.975142 
-2560.975065 
-2560.974997 
-2561.005403 
-2560.974961 
-2560.974847 
-2560.974839 
-2560.974662 
-2560.974637 
-2560.974610 
-2560.974596 
-2560.974583 
-2560.974461 
-2560.974449 
-2561.005361 
-2560.974293 
-2560.974276 
-2560.974226 
-2560.974195 
-2560.974183 
-2560.974047 
-2560.973765 
-2560.973734 
-2560.973693 
-2560.973326 
-2561.005338 
-2560.973287 
-2560.973278 
-2560.973226 
-2560.973051 
-2560.972884 
-2560.972694 
-2560.972489 
-2560.972482 
-2560.972308 
-2560.972174 
-2561.005335 
-2560.971963 
-2560.971961 
-2560.971849 
-2560.971275 
-2560.971077 
-2560.970910 
-2560.970903 
-2560.970174 
-2560.969389 
-2560.969225 
-2561.005226 
-2560.969158 
-2560.968780 
-2560.968390 
-2560.968339 
-2560.967724 
-2560.967425 
-2560.967362 
-2560.967349 
-2560.967339 
-2560.967306 
-2561.005214 
-2560.967240 
-2560.967210 
-2560.966832 
-2560.966141 
-2560.965474 
-2560.965334 
-2560.965073 
-2560.964410 
-2560.964212 
-2560.963963 
-2561.005211 
-2560.963747 
-2560.962688 
-2560.961959 
-2560.961069 
-2560.958911 
-2560.957650 
-2560.956497 
-2560.954289 
-2560.954181 
-2560.952691 
-2561.005195 
-2560.952208 
-2560.951698 
-2560.950653 
-2560.950123 
-2560.950051 
-2560.949501 
-2560.949320 
-2560.948298 
-2560.947445 
-2560.947346 
-2561.005154 
-2560.934218 
-2560.931553 
-2560.931521 
-2560.930823 
-2560.930775 
-2561.005136 
-2561.005080 
-2561.004913 
-2561.004849 
-2561.004720 
-2561.004708 
-2561.004661 
-2561.004613 
-2561.004575 
-2561.004568 
-2561.004561 
-2561.004485 
-2561.004400 
-2561.004320 
-2561.004282 
-2561.004253 
-2561.004244 
-2561.004240 
-2561.004161 
-2561.003886 
-2561.003840 
-2561.003828 
-2561.003554 
-2561.003439 
-2561.003420 
-2561.003295 
-2561.003279 
-2561.003210 
-2561.003066 
-2561.003021 
-2561.002892 
-2561.002888 
-2561.002836 
-2561.002824 
-2561.002809 
-2561.002733 
-2561.002667 
-2561.002380 
-2561.002324 
-2561.002137 
-2561.002088 
-2561.001962 
-2561.001855 
-2561.001722 
-2561.001641 
-2561.001575 
-2561.001416 
-2561.001400 
-2561.001354 
-2561.001246 
-2561.001244 
-2561.001180 
-2561.001171 
-2561.001070 
-2561.001044 
-2270.035994 
-2270.035811 
-2270.035394 
-2270.034769 
-2270.034240 
-2270.032516 
-2270.032424 
-2270.032401 
-2270.032194 
-2270.031857 
-2270.031172 
-2270.029922 
-2270.028103 
-2270.025870 
-2270.023693 
-2270.023665 
-2270.022178 
-2270.021860 
-2270.021045 
-2270.020964 
-2270.020956 
-2270.020916 
-2270.020819 
-2270.020685 
-2270.020512 
-2270.020480 
-2270.020163 
-2270.020153 
-2270.019858 
-2270.019628 
-2270.018583 
-2270.018566 
-2270.018380 
-2270.018237 
-2270.016800 
-2270.016661 
-2270.016573 
-2270.016444 
-2270.016026 
-2270.015736 
-2270.015206 
-2270.015089 
-2270.014929 
-2270.014884 
-2270.014692 
-2270.014413 
-2270.013993 
-2270.013692 
-2270.013588 
-2270.013395 
-2270.012864 
-2270.012783 
-2270.012475 
-2270.012418 
-2270.012362 
-2270.012293 
-2270.012251 
-2270.012239 
-2270.011815 
-2270.011738 
-2270.011614 
-2270.011417 
-2270.011202 
-2270.010925 
-2270.010689 
-2270.010618 
-2270.010438 
-2270.010415 
-2270.010285 
-2270.008052 
-2270.007351 
-2270.007238 
-2270.007056 
-2270.006702 
-2270.006459 
-2270.006195 
-2270.004872 
-2270.001644 
-2270.001324 
-2269.999694 
-2269.999616 
-2269.994942 
-2269.992149 
-2269.992000 
-2269.991771 
-2269.987386 
-2269.976727 
-2505.681132 
-2505.680661 
-2505.679944 
-2505.679784 
-2505.679352 
-2505.679245 
-2505.679193 
-2505.679022 
-2505.678773 
-2505.666732 
-2505.666611 
-2505.666341 
-2505.665724 
-2505.665290 
-2505.665272 
-2505.665193 
-2505.665162 
-2505.665029 
-2505.664963 
-2505.678561 
-2505.664331 
-2505.664223 
-2505.663704 
-2505.663699 
-2505.663213 
-2505.662974 
-2505.662575 
-2505.662510 
-2505.662457 
-2505.662263 
-2505.678488 
-2505.662149 
-2505.661993 
-2505.661909 
-2505.661884 
-2505.661498 
-2505.661410 
-2505.660885 
-2505.660882 
-2505.660604 
-2505.660574 
-2505.678346 
-2505.660135 
-2505.660011 
-2505.659928 
-2505.659677 
-2505.659550 
-2505.659441 
-2505.659262 
-2505.658930 
-2505.658883 
-2505.658861 
-2505.678031 
-2505.658731 
-2505.658529 
-2505.658510 
-2505.658436 
-2505.658337 
-2505.658145 
-2505.658069 
-2505.657950 
-2505.657704 
-2505.657699 
-2505.678012 
-2505.657297 
-2505.657274 
-2505.657128 
-2505.656920 
-2505.656907 
-2505.656843 
-2505.656820 
-2505.656704 
-2505.656426 
-2505.656311 
-2505.677849 
-2505.655574 
-2505.655563 
-2505.655526 
-2505.655486 
-2505.655244 
-2505.655170 
-2505.655118 
-2505.655072 
-2505.655020 
-2505.655006 
-2505.677626 
-2505.654883 
-2505.654589 
-2505.654361 
-2505.654165 
-2505.653989 
-2505.653698 
-2505.653534 
-2505.653370 
-2505.653154 
-2505.653057 
-2505.677304 
-2505.652988 
-2505.652982 
-2505.652946 
-2505.652836 
-2505.652762 
-2505.652734 
-2505.652587 
-2505.652584 
-2505.652133 
-2505.651944 
-2505.677233 
-2505.651831 
-2505.651776 
-2505.651772 
-2505.651705 
-2505.651627 
-2505.651626 
-2505.651609 
-2505.651471 
-2505.651413 
-2505.651398 
-2505.677173 
-2505.651348 
-2505.651162 
-2505.651056 
-2505.650903 
-2505.650815 
-2505.650447 
-2505.650428 
-2505.650265 
-2505.649721 
-2505.649490 
-2505.677064 
-2505.649474 
-2505.649285 
-2505.648914 
-2505.648720 
-2505.648657 
-2505.648451 
-2505.648450 
-2505.648385 
-2505.648328 
-2505.648300 
-2505.676952 
-2505.647568 
-2505.647376 
-2505.647181 
-2505.647134 
-2505.646473 
-2505.645941 
-2505.645728 
-2505.645500 
-2505.645291 
-2505.645217 
-2505.676860 
-2505.644898 
-2505.644860 
-2505.644659 
-2505.644536 
-2505.644118 
-2505.643650 
-2505.643606 
-2505.643210 
-2505.642755 
-2505.642541 
-2505.676781 
-2505.642503 
-2505.642500 
-2505.642444 
-2505.642392 
-2505.642348 
-2505.642221 
-2505.642002 
-2505.641519 
-2505.641430 
-2505.641244 
-2505.676711 
-2505.641222 
-2505.640465 
-2505.639893 
-2505.639806 
-2505.638955 
-2505.638897 
-2505.638820 
-2505.638703 
-2505.637899 
-2505.635806 
-2505.676681 
-2505.635024 
-2505.634920 
-2505.634907 
-2505.634541 
-2505.634460 
-2505.633764 
-2505.633292 
-2505.632310 
-2505.631597 
-2505.630480 
-2505.676553 
-2505.629033 
-2505.628430 
-2505.628090 
-2505.627409 
-2505.627319 
-2505.627032 
-2505.626882 
-2505.625983 
-2505.625901 
-2505.625880 
-2505.676414 
-2505.625622 
-2505.624701 
-2505.624541 
-2505.624209 
-2505.624137 
-2505.624061 
-2505.623551 
-2505.623015 
-2505.620854 
-2505.620083 
-2505.676389 
-2505.620039 
-2505.619247 
-2505.619179 
-2505.618840 
-2505.618726 
-2505.618554 
-2505.617861 
-2505.617300 
-2505.615389 
-2505.606853 
-2505.676153 
-2505.602294 
-2505.600699 
-2505.597762 
-2505.592806 
-2505.676024 
-2505.676000 
-2505.675951 
-2505.675690 
-2505.675670 
-2505.675528 
-2505.675330 
-2505.675301 
-2505.675285 
-2505.675177 
-2505.675097 
-2505.675030 
-2505.675008 
-2505.674745 
-2505.674701 
-2505.674552 
-2505.674469 
-2505.674403 
-2505.674367 
-2505.674335 
-2505.674265 
-2505.674264 
-2505.674223 
-2505.673817 
-2505.673734 
-2505.673537 
-2505.673392 
-2505.673280 
-2505.673147 
-2505.673124 
-2505.673104 
-2505.672929 
-2505.672866 
-2505.672834 
-2505.672702 
-2505.672389 
-2505.672383 
-2505.672350 
-2505.672214 
-2505.672043 
-2505.671532 
-2505.671358 
-2505.671250 
-2505.671161 
-2505.671115 
-2505.670921 
-2505.670875 
-2505.670677 
-2505.670500 
-2505.670272 
-2505.670100 
-2505.669984 
-2505.669858 
-2505.669784 
-2505.669599 
-2505.669546 
-2505.669414 
-2505.669250 
-2505.668988 
-2505.668926 
-2505.668348 
-2505.667793 
-2505.667752 
-2505.667687 
-2505.667541 
-2505.667527 
-2505.667413 
-2505.667115 
-2505.667081 
-2505.667058 
-2671.685921 
-2671.685873 
-2671.685475 
-2671.685407 
-2671.685214 
-2671.684776 
-2671.684743 
-2671.684691 
-2671.684638 
-2671.644689 
-2671.644636 
-2671.644595 
-2671.644554 
-2671.644387 
-2671.644278 
-2671.644215 
-2671.643964 
-2671.643944 
-2671.643836 
-2671.680256 
-2671.643499 
-2671.643497 
-2671.643424 
-2671.643388 
-2671.643209 
-2671.643010 
-2671.643007 
-2671.642954 
-2671.642803 
-2671.642783 
-2671.680231 
-2671.642764 
-2671.642749 
-2671.642626 
-2671.642528 
-2671.642492 
-2671.642410 
-2671.642231 
-2671.642063 
-2671.641994 
-2671.641877 
-2671.680229 
-2671.641875 
-2671.641710 
-2671.641580 
-2671.641554 
-2671.641392 
-2671.641336 
-2671.641233 
-2671.641218 
-2671.641218 
-2671.640459 
-2671.680191 
-2671.640297 
-2671.640053 
-2671.640044 
-2671.640030 
-2671.639767 
-2671.639648 
-2671.639638 
-2671.639604 
-2671.639560 
-2671.639513 
-2671.680182 
-2671.639473 
-2671.639443 
-2671.639356 
-2671.639301 
-2671.639219 
-2671.639159 
-2671.639021 
-2671.638786 
-2671.638700 
-2671.638511 
-2671.680171 
-2671.637961 
-2671.637919 
-2671.637755 
-2671.637275 
-2671.637130 
-2671.637078 
-2671.636882 
-2671.636204 
-2671.636190 
-2671.635935 
-2671.680171 
-2671.635570 
-2671.635467 
-2671.635372 
-2671.635325 
-2671.635317 
-2671.635192 
-2671.635045 
-2671.634602 
-2671.634555 
-2671.633841 
-2671.680168 
-2671.633671 
-2671.633542 
-2671.632853 
-2671.632619 
-2671.631729 
-2671.631578 
-2671.631523 
-2671.630836 
-2671.630587 
-2671.629512 
-2671.680164 
-2671.629275 
-2671.628722 
-2671.628030 
-2671.627833 
-2671.627318 
-2671.627038 
-2671.626867 
-2671.626657 
-2671.626129 
-2671.625964 
-2671.680151 
-2671.684466 
-2671.625661 
-2671.625404 
-2671.624756 
-2671.623946 
-2671.623071 
-2671.622185 
-2671.621484 
-2671.621217 
-2671.620321 
-2671.620154 
-2671.680094 
-2671.619732 
-2671.618331 
-2671.618144 
-2671.617568 
-2671.617557 
-2671.617556 
-2671.614720 
-2671.613939 
-2671.613413 
-2671.609076 
-2671.680093 
-2671.607966 
-2671.606088 
-2671.601666 
-2671.601327 
-2671.571140 
-2671.565715 
-2671.680092 
-2671.680082 
-2671.680078 
-2671.680049 
-2671.680045 
-2671.680000 
-2671.679985 
-2671.679962 
-2671.684330 
-2671.679955 
-2671.679940 
-2671.679919 
-2671.679903 
-2671.679876 
-2671.679810 
-2671.679790 
-2671.679772 
-2671.679768 
-2671.679729 
-2671.684178 
-2671.679649 
-2671.679577 
-2671.679569 
-2671.679557 
-2671.679547 
-2671.679520 
-2671.679468 
-2671.679460 
-2671.679454 
-2671.679447 
-2671.684128 
-2671.679444 
-2671.679409 
-2671.679399 
-2671.679369 
-2671.679337 
-2671.679324 
-2671.679301 
-2671.679277 
-2671.679254 
-2671.679222 
-2671.684089 
-2671.679220 
-2671.679178 
-2671.679152 
-2671.679147 
-2671.679143 
-2671.679129 
-2671.679125 
-2671.679073 
-2671.679060 
-2671.679018 
-2671.684066 
-2671.678998 
-2671.678988 
-2671.678974 
-2671.678971 
-2671.678931 
-2671.678886 
-2671.678884 
-2671.678833 
-2671.678831 
-2671.678827 
-2671.683896 
-2671.678811 
-2671.678759 
-2671.678717 
-2671.678686 
-2671.678666 
-2671.678637 
-2671.678622 
-2671.678619 
-2671.678555 
-2671.678525 
-2671.683867 
-2671.678505 
-2671.678491 
-2671.678489 
-2671.678425 
-2671.678416 
-2671.678385 
-2671.678374 
-2671.678371 
-2671.678371 
-2671.678353 
-2671.683714 
-2671.678326 
-2671.678323 
-2671.678316 
-2671.678304 
-2671.678264 
-2671.678178 
-2671.678135 
-2671.678117 
-2671.678109 
-2671.678076 
-2671.683656 
-2671.678045 
-2671.677972 
-2671.677954 
-2671.677907 
-2671.677893 
-2671.677843 
-2671.677842 
-2671.677841 
-2671.677827 
-2671.677789 
-2671.683585 
-2671.677775 
-2671.677735 
-2671.677721 
-2671.677661 
-2671.677658 
-2671.677636 
-2671.677635 
-2671.677584 
-2671.677582 
-2671.677580 
-2671.683580 
-2671.677573 
-2671.677563 
-2671.677482 
-2671.677438 
-2671.677427 
-2671.677426 
-2671.677401 
-2671.677399 
-2671.677388 
-2671.677352 
-2671.683486 
-2671.677343 
-2671.677295 
-2671.677277 
-2671.677249 
-2671.677244 
-2671.677225 
-2671.677186 
-2671.677179 
-2671.677173 
-2671.677157 
-2671.683474 
-2671.677141 
-2671.677123 
-2671.676983 
-2671.676973 
-2671.676950 
-2671.676936 
-2671.676924 
-2671.676889 
-2671.676888 
-2671.676880 
-2671.683453 
-2671.676874 
-2671.676871 
-2671.676849 
-2671.676846 
-2671.676839 
-2671.676838 
-2671.676825 
-2671.676776 
-2671.676774 
-2671.676693 
-2671.683424 
-2671.676689 
-2671.676682 
-2671.676676 
-2671.676636 
-2671.676625 
-2671.676615 
-2671.676585 
-2671.676567 
-2671.676560 
-2671.676539 
-2671.683275 
-2671.676516 
-2671.676505 
-2671.676434 
-2671.676434 
-2671.676426 
-2671.676424 
-2671.676411 
-2671.676369 
-2671.676369 
-2671.676356 
-2671.683203 
-2671.676351 
-2671.676318 
-2671.676299 
-2671.676287 
-2671.676261 
-2671.676255 
-2671.676253 
-2671.676229 
-2671.676209 
-2671.676191 
-2671.683170 
-2671.676048 
-2671.676044 
-2671.675986 
-2671.675977 
-2671.675939 
-2671.675927 
-2671.675902 
-2671.675901 
-2671.675892 
-2671.675876 
-2671.683164 
-2671.675861 
-2671.675858 
-2671.675846 
-2671.675834 
-2671.675814 
-2671.675771 
-2671.675759 
-2671.675742 
-2671.675741 
-2671.675733 
-2671.683080 
-2671.675691 
-2671.675634 
-2671.675558 
-2671.675558 
-2671.675539 
-2671.675522 
-2671.675503 
-2671.675475 
-2671.675470 
-2671.675464 
-2671.683007 
-2671.675453 
-2671.675445 
-2671.675443 
-2671.675437 
-2671.675388 
-2671.675328 
-2671.675276 
-2671.675267 
-2671.675257 
-2671.675229 
-2671.682828 
-2671.675200 
-2671.675146 
-2671.675132 
-2671.675087 
-2671.675083 
-2671.675071 
-2671.675027 
-2671.674963 
-2671.674933 
-2671.674933 
-2671.682722 
-2671.674930 
-2671.674917 
-2671.674896 
-2671.674893 
-2671.674857 
-2671.674855 
-2671.674835 
-2671.674834 
-2671.674808 
-2671.674796 
-2671.682588 
-2671.674762 
-2671.674761 
-2671.674752 
-2671.674748 
-2671.674732 
-2671.674706 
-2671.674699 
-2671.674677 
-2671.674670 
-2671.674652 
-2671.682570 
-2671.674620 
-2671.674599 
-2671.674595 
-2671.674581 
-2671.674578 
-2671.674549 
-2671.674543 
-2671.674513 
-2671.674504 
-2671.674500 
-2671.682513 
-2671.674484 
-2671.674456 
-2671.674446 
-2671.674425 
-2671.674418 
-2671.674353 
-2671.674340 
-2671.674336 
-2671.674272 
-2671.674262 
-2671.682503 
-2671.674217 
-2671.674207 
-2671.674201 
-2671.674198 
-2671.674174 
-2671.674152 
-2671.674108 
-2671.674051 
-2671.674025 
-2671.674012 
-2671.682492 
-2671.673961 
-2671.673933 
-2671.673915 
-2671.673904 
-2671.673892 
-2671.673871 
-2671.673852 
-2671.673801 
-2671.673794 
-2671.673793 
-2671.682391 
-2671.673775 
-2671.673749 
-2671.673700 
-2671.673692 
-2671.673680 
-2671.673656 
-2671.673613 
-2671.673584 
-2671.673535 
-2671.673459 
-2671.682305 
-2671.673431 
-2671.673392 
-2671.673317 
-2671.673273 
-2671.673256 
-2671.673207 
-2671.673173 
-2671.673173 
-2671.673163 
-2671.673151 
-2671.682266 
-2671.673121 
-2671.673110 
-2671.673084 
-2671.673067 
-2671.673051 
-2671.673010 
-2671.673009 
-2671.672970 
-2671.672960 
-2671.672945 
-2671.682234 
-2671.672913 
-2671.672909 
-2671.672889 
-2671.672856 
-2671.672812 
-2671.672809 
-2671.672780 
-2671.672636 
-2671.672628 
-2671.672548 
-2671.682202 
-2671.672513 
-2671.672500 
-2671.672432 
-2671.672409 
-2671.672409 
-2671.672375 
-2671.672371 
-2671.672371 
-2671.672338 
-2671.672334 
-2671.682061 
-2671.672295 
-2671.672287 
-2671.672262 
-2671.672243 
-2671.672238 
-2671.672202 
-2671.672131 
-2671.672089 
-2671.672036 
-2671.672028 
-2671.681950 
-2671.672028 
-2671.672022 
-2671.672021 
-2671.671999 
-2671.671975 
-2671.671963 
-2671.671954 
-2671.671946 
-2671.671943 
-2671.671919 
-2671.681923 
-2671.671883 
-2671.671868 
-2671.671821 
-2671.671785 
-2671.671751 
-2671.671739 
-2671.671683 
-2671.671678 
-2671.671674 
-2671.671649 
-2671.681863 
-2671.671646 
-2671.671644 
-2671.671586 
-2671.671508 
-2671.671492 
-2671.671408 
-2671.671397 
-2671.671309 
-2671.671256 
-2671.671253 
-2671.681799 
-2671.671232 
-2671.671229 
-2671.671108 
-2671.671043 
-2671.670947 
-2671.670932 
-2671.670910 
-2671.670905 
-2671.670869 
-2671.670700 
-2671.681782 
-2671.670699 
-2671.670678 
-2671.670485 
-2671.670437 
-2671.670364 
-2671.670299 
-2671.670287 
-2671.670286 
-2671.670245 
-2671.670215 
-2671.681774 
-2671.670163 
-2671.670085 
-2671.670063 
-2671.670027 
-2671.669935 
-2671.669910 
-2671.669855 
-2671.669796 
-2671.669790 
-2671.669775 
-2671.681754 
-2671.669712 
-2671.669687 
-2671.669684 
-2671.669534 
-2671.669475 
-2671.669472 
-2671.669424 
-2671.669359 
-2671.669350 
-2671.669326 
-2671.681720 
-2671.669304 
-2671.669189 
-2671.669168 
-2671.669123 
-2671.669088 
-2671.669052 
-2671.669048 
-2671.669029 
-2671.669015 
-2671.669001 
-2671.681715 
-2671.668989 
-2671.668831 
-2671.668830 
-2671.668801 
-2671.668768 
-2671.668746 
-2671.668735 
-2671.668731 
-2671.668727 
-2671.668706 
-2671.681715 
-2671.668647 
-2671.668460 
-2671.668384 
-2671.668327 
-2671.668290 
-2671.668179 
-2671.668108 
-2671.668080 
-2671.668010 
-2671.667956 
-2671.681653 
-2671.667924 
-2671.667868 
-2671.667791 
-2671.667782 
-2671.667759 
-2671.667700 
-2671.667682 
-2671.667594 
-2671.667592 
-2671.667562 
-2671.681594 
-2671.667353 
-2671.667296 
-2671.667139 
-2671.667132 
-2671.667125 
-2671.666980 
-2671.666951 
-2671.666949 
-2671.666833 
-2671.666778 
-2671.681577 
-2671.666759 
-2671.666754 
-2671.666728 
-2671.666682 
-2671.666632 
-2671.666615 
-2671.666599 
-2671.666586 
-2671.666573 
-2671.666571 
-2671.681567 
-2671.666442 
-2671.666364 
-2671.666350 
-2671.666330 
-2671.666214 
-2671.666209 
-2671.666209 
-2671.666160 
-2671.666138 
-2671.666059 
-2671.681552 
-2671.665985 
-2671.665931 
-2671.665931 
-2671.665870 
-2671.665855 
-2671.665741 
-2671.665689 
-2671.665664 
-2671.665392 
-2671.665319 
-2671.681514 
-2671.665238 
-2671.665200 
-2671.665196 
-2671.665182 
-2671.665155 
-2671.665040 
-2671.664876 
-2671.664810 
-2671.664802 
-2671.664789 
-2671.681507 
-2671.664649 
-2671.664577 
-2671.664559 
-2671.664549 
-2671.664459 
-2671.664428 
-2671.664406 
-2671.664366 
-2671.664324 
-2671.664113 
-2671.681401 
-2671.664039 
-2671.664029 
-2671.663960 
-2671.663936 
-2671.663916 
-2671.663854 
-2671.663826 
-2671.663815 
-2671.663496 
-2671.663486 
-2671.681377 
-2671.663444 
-2671.663416 
-2671.663344 
-2671.663307 
-2671.663261 
-2671.663217 
-2671.663154 
-2671.663119 
-2671.663104 
-2671.663088 
-2671.681322 
-2671.663043 
-2671.663008 
-2671.662988 
-2671.662952 
-2671.662882 
-2671.662858 
-2671.662825 
-2671.662746 
-2671.662705 
-2671.662702 
-2671.681270 
-2671.662617 
-2671.662614 
-2671.662602 
-2671.662557 
-2671.662528 
-2671.662482 
-2671.662464 
-2671.662433 
-2671.662419 
-2671.662331 
-2671.681266 
-2671.662308 
-2671.662293 
-2671.662250 
-2671.662240 
-2671.662215 
-2671.662180 
-2671.662127 
-2671.661896 
-2671.661790 
-2671.661750 
-2671.681245 
-2671.661724 
-2671.661645 
-2671.661585 
-2671.661579 
-2671.661575 
-2671.661387 
-2671.661369 
-2671.661211 
-2671.661203 
-2671.661159 
-2671.681205 
-2671.661064 
-2671.661013 
-2671.660922 
-2671.660908 
-2671.660801 
-2671.660775 
-2671.660757 
-2671.660683 
-2671.660658 
-2671.660652 
-2671.681190 
-2671.660589 
-2671.660405 
-2671.660312 
-2671.660270 
-2671.660209 
-2671.660173 
-2671.660148 
-2671.660003 
-2671.659951 
-2671.659935 
-2671.681183 
-2671.659904 
-2671.659890 
-2671.659769 
-2671.659741 
-2671.659585 
-2671.659555 
-2671.659517 
-2671.659516 
-2671.659436 
-2671.659289 
-2671.681146 
-2671.659114 
-2671.659056 
-2671.658902 
-2671.658901 
-2671.658886 
-2671.658828 
-2671.658786 
-2671.658389 
-2671.658361 
-2671.658336 
-2671.681145 
-2671.658322 
-2671.658297 
-2671.658241 
-2671.658217 
-2671.658180 
-2671.658069 
-2671.658053 
-2671.658002 
-2671.657940 
-2671.657922 
-2671.681138 
-2671.657917 
-2671.657898 
-2671.657881 
-2671.657832 
-2671.657823 
-2671.657721 
-2671.657677 
-2671.657576 
-2671.657550 
-2671.657540 
-2671.681127 
-2671.657379 
-2671.657266 
-2671.657239 
-2671.657175 
-2671.657172 
-2671.657089 
-2671.657051 
-2671.657006 
-2671.656953 
-2671.656921 
-2671.681074 
-2671.656901 
-2671.656787 
-2671.656754 
-2671.656438 
-2671.656380 
-2671.656375 
-2671.656360 
-2671.656354 
-2671.656314 
-2671.656288 
-2671.680994 
-2671.656257 
-2671.656004 
-2671.655856 
-2671.655818 
-2671.655796 
-2671.655789 
-2671.655780 
-2671.655717 
-2671.655654 
-2671.655587 
-2671.680903 
-2671.655575 
-2671.655502 
-2671.655484 
-2671.655430 
-2671.655271 
-2671.655233 
-2671.655159 
-2671.655137 
-2671.655076 
-2671.655057 
-2671.680878 
-2671.654969 
-2671.654934 
-2671.654814 
-2671.654806 
-2671.654734 
-2671.654656 
-2671.654623 
-2671.654554 
-2671.654465 
-2671.654436 
-2671.680852 
-2671.654315 
-2671.654294 
-2671.654242 
-2671.654186 
-2671.654171 
-2671.654136 
-2671.654015 
-2671.653991 
-2671.653953 
-2671.653874 
-2671.680847 
-2671.653806 
-2671.653782 
-2671.653742 
-2671.653740 
-2671.653701 
-2671.653643 
-2671.653535 
-2671.653419 
-2671.653419 
-2671.653358 
-2671.680841 
-2671.653348 
-2671.653335 
-2671.653322 
-2671.653315 
-2671.653301 
-2671.653203 
-2671.653070 
-2671.652990 
-2671.652939 
-2671.652911 
-2671.680783 
-2671.652857 
-2671.652851 
-2671.652835 
-2671.652826 
-2671.652777 
-2671.652768 
-2671.652738 
-2671.652674 
-2671.652669 
-2671.652607 
-2671.680751 
-2671.652563 
-2671.652541 
-2671.652527 
-2671.652412 
-2671.652368 
-2671.652333 
-2671.652306 
-2671.652264 
-2671.652260 
-2671.652222 
-2671.680744 
-2671.652206 
-2671.652173 
-2671.652146 
-2671.652056 
-2671.652055 
-2671.652052 
-2671.651990 
-2671.651971 
-2671.651958 
-2671.651851 
-2671.680726 
-2671.651779 
-2671.651769 
-2671.651720 
-2671.651708 
-2671.651691 
-2671.651591 
-2671.651550 
-2671.651549 
-2671.651507 
-2671.651403 
-2671.680701 
-2671.651361 
-2671.651332 
-2671.651236 
-2671.651208 
-2671.651087 
-2671.651056 
-2671.651042 
-2671.651019 
-2671.650975 
-2671.650966 
-2671.680657 
-2671.650937 
-2671.650921 
-2671.650889 
-2671.650857 
-2671.650810 
-2671.650742 
-2671.650638 
-2671.650493 
-2671.650487 
-2671.650351 
-2671.680531 
-2671.650235 
-2671.650123 
-2671.650090 
-2671.650080 
-2671.650015 
-2671.649995 
-2671.649984 
-2671.649971 
-2671.649801 
-2671.649796 
-2671.680526 
-2671.649693 
-2671.649691 
-2671.649594 
-2671.649505 
-2671.649411 
-2671.649331 
-2671.649294 
-2671.649288 
-2671.649216 
-2671.649176 
-2671.680477 
-2671.649138 
-2671.649124 
-2671.649064 
-2671.649056 
-2671.649003 
-2671.648845 
-2671.648836 
-2671.648830 
-2671.648820 
-2671.648819 
-2671.680462 
-2671.648780 
-2671.648759 
-2671.648708 
-2671.648708 
-2671.648705 
-2671.648649 
-2671.648598 
-2671.648568 
-2671.648459 
-2671.648406 
-2671.680401 
-2671.648389 
-2671.648304 
-2671.648250 
-2671.648166 
-2671.648139 
-2671.648099 
-2671.648089 
-2671.648061 
-2671.647992 
-2671.647936 
-2671.680393 
-2671.647895 
-2671.647759 
-2671.647738 
-2671.647717 
-2671.647673 
-2671.647666 
-2671.647601 
-2671.647588 
-2671.647576 
-2671.647540 
-2671.680393 
-2671.647530 
-2671.647461 
-2671.647294 
-2671.647291 
-2671.647260 
-2671.647138 
-2671.647119 
-2671.647085 
-2671.647062 
-2671.647055 
-2671.680382 
-2671.647033 
-2671.646986 
-2671.646825 
-2671.646734 
-2671.646712 
-2671.646711 
-2671.646602 
-2671.646537 
-2671.646455 
-2671.646452 
-2671.680381 
-2671.646417 
-2671.646400 
-2671.646394 
-2671.646371 
-2671.646217 
-2671.646215 
-2671.646209 
-2671.646203 
-2671.646178 
-2671.646036 
-2671.680364 
-2671.645975 
-2671.645932 
-2671.645907 
-2671.645858 
-2671.645783 
-2671.645775 
-2671.645771 
-2671.645761 
-2671.645710 
-2671.645707 
-2671.680362 
-2671.645628 
-2671.645561 
-2671.645404 
-2671.645352 
-2671.645312 
-2671.645305 
-2671.645291 
-2671.645206 
-2671.645024 
-2671.645008 
-2671.680268 
-2387.858011 
-2387.856758 
-2387.856437 
-2387.856327 
-2387.856142 
-2387.855914 
-2387.855700 
-2387.855389 
-2387.855223 
-2387.826542 
-2387.826444 
-2387.825964 
-2387.825833 
-2387.824841 
-2387.824690 
-2387.824668 
-2387.824022 
-2387.823940 
-2387.823712 
-2387.855094 
-2387.823601 
-2387.823591 
-2387.822739 
-2387.822482 
-2387.819653 
-2387.818201 
-2387.817684 
-2387.817393 
-2387.817259 
-2387.817232 
-2387.855006 
-2387.816943 
-2387.816797 
-2387.815460 
-2387.814502 
-2387.812167 
-2387.810653 
-2387.810054 
-2387.803535 
-2387.802973 
-2387.802610 
-2387.854892 
-2387.802527 
-2387.802025 
-2387.801859 
-2387.801666 
-2387.801604 
-2387.801487 
-2387.801458 
-2387.801001 
-2387.800642 
-2387.800373 
-2387.854795 
-2387.800369 
-2387.799602 
-2387.798003 
-2387.782355 
-2387.781017 
-2387.780543 
-2387.780336 
-2387.779778 
-2387.854640 
-2387.854311 
-2387.854155 
-2387.853745 
-2387.852999 
-2387.852431 
-2387.852420 
-2387.852342 
-2387.852117 
-2387.851800 
-2387.851262 
-2387.850898 
-2387.850521 
-2387.850506 
-2387.850125 
-2387.849754 
-2387.849078 
-2387.848954 
-2387.848778 
-2387.848659 
-2387.848136 
-2387.847917 
-2387.847726 
-2387.847067 
-2387.846471 
-2387.846399 
-2387.846301 
-2387.846212 
-2387.845755 
-2387.845644 
-2387.845189 
-2387.844116 
-2387.843952 
-2387.843389 
-2387.838252 
-2387.838074 
-2387.838054 
-2387.837838 
-2387.837559 
-2387.837459 
-2387.836695 
-2387.836647 
-2387.836636 
-2387.836593 
-2387.836180 
-2387.836172 
-2387.836084 
-2387.835882 
-2387.835837 
-2387.835823 
-2387.835640 
-2387.835263 
-2387.835203 
-2387.835197 
-2387.835174 
-2387.835159 
-2387.835016 
-2387.834723 
-2387.834317 
-2387.833873 
-2387.833734 
-2387.833246 
-2387.832937 
-2387.832202 
-2387.832025 
-2387.831611 
-2387.831568 
-2387.831274 
-2387.831196 
-2387.830576 
-2387.830154 
-2387.829967 
-2387.829831 
-2387.829542 
-2387.828513 
-2387.828076 
-2387.827759 
-2387.827755 
-2387.827625 
-2387.827606 
-2387.827183 
-2387.827101 
-2387.827005 
-2387.826837 
-2387.826754 
-2387.826647 
-2623.479430 
-2623.479226 
-2623.479151 
-2623.477975 
-2623.477365 
-2623.476914 
-2623.476295 
-2623.476055 
-2623.475536 
-2623.474663 
-2623.474094 
-2623.473924 
-2623.473893 
-2623.473737 
-2623.473698 
-2623.473478 
-2623.472707 
-2623.472061 
-2623.471836 
-2623.471596 
-2623.470868 
-2623.470646 
-2623.470460 
-2623.470255 
-2623.470094 
-2623.469801 
-2623.469382 
-2623.469300 
-2623.469290 
-2623.468963 
-2623.468825 
-2623.468673 
-2623.467732 
-2623.463984 
-2623.462003 
-2623.461723 
-2623.461716 
-2623.461587 
-2623.460896 
-2623.460630 
-2623.459643 
-2623.459489 
-2623.458967 
-2623.458788 
-2623.458712 
-2623.458596 
-2623.458508 
-2623.458260 
-2623.457952 
-2623.457652 
-2623.457285 
-2623.457211 
-2623.457121 
-2623.456841 
-2623.456380 
-2623.456329 
-2623.456323 
-2623.456283 
-2623.456213 
-2623.455926 
-2623.455548 
-2623.454643 
-2623.454429 
-2623.454339 
-2623.453265 
-2623.453195 
-2623.453159 
-2623.453057 
-2623.453031 
-2623.452630 
-2623.452374 
-2623.452293 
-2623.451860 
-2623.451394 
-2623.451088 
-2623.450817 
-2623.450796 
-2623.450791 
-2623.449534 
-2623.449371 
-2623.449068 
-2623.448836 
-2623.448689 
-2623.447904 
-2623.447601 
-2623.446921 
-2623.444594 
-2623.442088 
-2623.435591 
-2623.435234 
-2623.434988 
-2623.434276 
-2623.431091 
-2623.424612 
