-191.591235 
-191.591148 
-191.590026 
-246.923924 
-246.923874 
-246.923840 
-246.923497 
-246.922625 
-246.921829 
-246.921696 
-152.319797 
-230.864951 
-56.529749 
-325.461009 
-325.460520 
-325.459562 
-325.459391 
-325.459349 
-325.459003 
-325.458869 
-325.458799 
-325.458769 
-325.458743 
-325.458724 
-325.458650 
-325.458476 
-325.458440 
-325.457647 
-325.457429 
-325.456501 
-325.456058 
-309.400444 
-309.399853 
-309.397090 
-309.395777 
-309.395661 
-135.066605 
-364.734389 
-364.733126 
-364.732749 
-364.732459 
-364.732253 
-364.732213 
-364.732131 
-364.732053 
-364.730313 
-190.399278 
-230.858255 
-230.856970 
-230.855819 
-230.854700 
-286.189546 
-286.188746 
-286.188394 
-286.188092 
-286.188060 
-286.188055 
-286.188002 
-286.187913 
-286.187888 
-286.187681 
-286.187678 
-286.187614 
-286.187184 
-286.186812 
-286.185917 
-286.185238 
-270.129647 
-270.129623 
-95.796022 
-891.741341 
-891.739935 
-891.739920 
-891.739802 
-891.738971 
-891.738891 
-891.738531 
-891.734832 
-891.732216 
-891.730685 
-891.729975 
-891.729896 
-891.729259 
-891.717253 
-947.075184 
-947.074668 
-947.074246 
-947.074227 
-947.074086 
-947.073979 
-947.073598 
-947.073429 
-947.073406 
-947.073049 
-947.072243 
-947.072208 
-947.072197 
-947.071931 
-947.071693 
-947.071629 
-947.071533 
-947.071479 
-947.071441 
-947.071270 
-947.071159 
-947.071097 
-947.070911 
-947.070687 
-947.070117 
-947.069920 
-947.069915 
-947.069706 
-947.069691 
-947.069518 
-947.069446 
-947.069425 
-947.069327 
-947.069257 
-947.068909 
-947.068246 
-947.068002 
-947.067837 
-947.067420 
-947.067397 
-947.067320 
-947.067288 
-947.067265 
-947.066853 
-947.066837 
-947.066741 
-947.066672 
-947.066672 
-947.066121 
-947.065798 
-947.065450 
-947.065437 
-947.065412 
-947.065411 
-947.065378 
-947.065354 
-947.064958 
-947.064523 
-947.064515 
-947.064464 
-947.064328 
-947.064287 
-947.063924 
-947.063681 
-947.063545 
-947.062855 
-947.062455 
-947.062337 
-947.062019 
-947.060547 
-947.057534 
-852.467554 
-852.465432 
-852.465052 
-852.460306 
-852.458708 
-852.464378 
-852.466021 
-852.460955 
-852.467403 
-852.465990 
-852.459757 
-852.464721 
-852.454941 
-852.462717 
-852.457887 
-852.457186 
-852.465518 
-931.013585 
-931.012700 
-931.010924 
-931.008659 
-931.007925 
-931.005320 
-931.004906 
-931.003284 
-931.003164 
-756.658046 
-1025.617259 
-1025.617104 
-1025.616833 
-1025.615703 
-1025.613661 
-1025.613467 
-1025.613310 
-1025.613217 
-1025.613154 
-1025.612928 
-1025.602932 
-1025.602811 
-1025.602642 
-1025.602289 
-1025.601869 
-1025.601764 
-1025.601678 
-1025.601504 
-1025.601061 
-1025.600922 
-1025.612795 
-1025.599938 
-1025.599778 
-1025.599646 
-1025.598806 
-1025.596810 
-1025.596016 
-1025.594626 
-1025.612479 
-1025.612391 
-1025.612313 
-1025.612202 
-1025.612160 
-1025.611961 
-1025.611873 
-1025.611834 
-1025.611808 
-1025.611796 
-1025.611597 
-1025.611528 
-1025.611404 
-1025.610991 
-1025.610886 
-1025.610800 
-1025.610617 
-1025.610483 
-1025.610429 
-1025.610209 
-1025.610204 
-1025.610128 
-1025.610101 
-1025.610059 
-1025.610029 
-1025.609997 
-1025.609933 
-1025.609863 
-1025.609790 
-1025.609347 
-1025.609332 
-1025.609284 
-1025.609213 
-1025.609054 
-1025.609052 
-1025.609045 
-1025.609008 
-1025.608974 
-1025.608759 
-1025.608757 
-1025.608699 
-1025.608692 
-1025.608656 
-1025.608653 
-1025.608482 
-1025.608458 
-1025.608456 
-1025.608425 
-1025.608378 
-1025.608363 
-1025.608268 
-1025.608252 
-1025.608063 
-1025.608057 
-1025.608005 
-1025.607992 
-1025.607931 
-1025.607909 
-1025.607834 
-1025.607735 
-1025.607677 
-1025.607638 
-1025.607599 
-1025.607541 
-1025.607327 
-1025.607308 
-1025.607039 
-1025.606974 
-1025.606955 
-1025.606573 
-1025.606537 
-1025.606406 
-1025.606370 
-1025.606185 
-1025.606183 
-1025.606132 
-1025.606095 
-1025.605978 
-1025.605928 
-1025.605540 
-1025.605435 
-1025.605233 
-1025.604878 
-1025.604687 
-1025.604359 
-1025.604259 
-1025.604181 
-1025.603932 
-1025.603756 
-1009.552804 
-1009.551402 
-1009.551024 
-1009.550980 
-1009.550769 
-1009.550597 
-1009.549425 
-1009.548985 
-1009.547230 
-1009.545820 
-1009.545248 
-1009.543807 
-1009.543661 
-1009.542233 
-1009.542186 
-1009.541998 
-1009.541712 
-1009.541377 
-1009.540360 
-1009.539484 
-1009.538237 
-1009.537726 
-1009.536293 
-1009.536174 
-1009.535756 
-835.205407 
-1064.887026 
-1064.886611 
-1064.885832 
-1064.885567 
-1064.885358 
-1064.885198 
-1064.885196 
-1064.885137 
-1064.885039 
-1064.885019 
-1064.884876 
-1064.884737 
-1064.884549 
-1064.884382 
-1064.883933 
-1064.883861 
-1064.883506 
-1064.883257 
-1064.882905 
-1064.881380 
-1064.881101 
-1064.880430 
-1064.880130 
-1064.879805 
-1064.879520 
-1064.879455 
-1064.879343 
-1064.879213 
-1064.879173 
-1064.879165 
-1064.879164 
-1064.879059 
-1064.879044 
-1064.877933 
-1064.877322 
-1064.876948 
-1064.876374 
-1064.875931 
-1064.875777 
-1064.875569 
-1064.875376 
-1064.875300 
-1064.874978 
-1064.874805 
-1064.873936 
-1064.873523 
-1064.873118 
-890.536910 
-931.008412 
-931.008114 
-931.007988 
-931.007926 
-931.007424 
-931.007252 
-931.007224 
-931.006961 
-931.005565 
-931.004817 
-931.004614 
-931.004564 
-931.004527 
-931.003686 
-931.003622 
-931.003126 
-931.002942 
-931.002918 
-931.002874 
-931.002822 
-931.002733 
-931.002556 
-931.002358 
-931.002094 
-931.001488 
-931.000853 
-930.994339 
-930.994110 
-930.993879 
-930.993709 
-930.993040 
-930.991148 
-930.990296 
-930.986651 
-930.985186 
-930.984664 
-930.984616 
-986.342893 
-986.342535 
-986.341622 
-986.341377 
-986.341056 
-986.340914 
-986.340845 
-986.340414 
-986.340318 
-986.333612 
-986.333596 
-986.333585 
-986.333394 
-986.333352 
-986.333348 
-986.333316 
-986.333212 
-986.332699 
-986.332615 
-986.340230 
-986.332495 
-986.332451 
-986.332387 
-986.332299 
-986.332259 
-986.332196 
-986.332174 
-986.331982 
-986.331613 
-986.331577 
-986.340173 
-986.331553 
-986.331344 
-986.331204 
-986.331191 
-986.331158 
-986.331099 
-986.331062 
-986.331045 
-986.330525 
-986.330451 
-986.340101 
-986.330366 
-986.329437 
-986.328943 
-986.328811 
-986.328715 
-986.327767 
-986.326598 
-986.326465 
-986.325559 
-986.325553 
-986.340065 
-986.324238 
-986.323912 
-986.340058 
-986.339975 
-986.339895 
-986.339886 
-986.339845 
-986.339795 
-986.339646 
-986.339483 
-986.339203 
-986.338974 
-986.338949 
-986.338933 
-986.338910 
-986.338866 
-986.338803 
-986.338789 
-986.338623 
-986.338544 
-986.338543 
-986.338543 
-986.338525 
-986.338440 
-986.338438 
-986.338326 
-986.338199 
-986.338163 
-986.337892 
-986.337804 
-986.337778 
-986.337722 
-986.337721 
-986.337651 
-986.337628 
-986.337560 
-986.337533 
-986.337429 
-986.337422 
-986.337297 
-986.337280 
-986.337218 
-986.337216 
-986.337197 
-986.337057 
-986.337018 
-986.336924 
-986.336850 
-986.336801 
-986.336700 
-986.336681 
-986.336610 
-986.336547 
-986.336448 
-986.336442 
-986.336345 
-986.336311 
-986.336155 
-986.336073 
-986.335958 
-986.335854 
-986.335807 
-986.335800 
-986.335757 
-986.335755 
-986.335680 
-986.335676 
-986.335667 
-986.335652 
-986.335630 
-986.335596 
-986.335518 
-986.335506 
-986.335374 
-986.335370 
-986.335365 
-986.335326 
-986.335217 
-986.335196 
-986.335124 
-986.335101 
-986.334967 
-986.334433 
-986.334426 
-986.334415 
-986.334278 
-986.333968 
-986.333846 
-970.278784 
-970.278268 
-970.277964 
-970.276177 
-970.275543 
-970.275288 
-970.273706 
-970.273509 
-970.273487 
-970.272997 
-970.271628 
-970.271466 
-970.271426 
-970.271358 
-970.270831 
-970.263876 
-795.927477 
-874.477901 
-813.200036 
-813.194272 
-813.193045 
-813.192471 
-970.280604 
-970.279886 
-970.279415 
-970.278550 
-970.277778 
-970.277646 
-970.277267 
-970.277023 
-970.276974 
-970.276855 
-970.276731 
-970.276407 
-970.276376 
-970.275522 
-970.275386 
-970.275364 
-970.274330 
-970.273897 
-970.272978 
-970.270681 
-970.268276 
-970.267638 
-970.267549 
-970.266281 
-970.266139 
-970.265122 
-970.264324 
-970.261304 
-970.261173 
-1080.951410 
-1080.949464 
-1080.948776 
-1080.948601 
-1080.948373 
-1080.948150 
-1080.948127 
-1080.948033 
-1080.947983 
-1080.947874 
-1080.940928 
-1080.940842 
-1080.940825 
-1080.940757 
-1080.940744 
-1080.940701 
-1080.940675 
-1080.940580 
-1080.940510 
-1080.940385 
-1080.947863 
-1080.940367 
-1080.940228 
-1080.940119 
-1080.940071 
-1080.940070 
-1080.940046 
-1080.940037 
-1080.940020 
-1080.939789 
-1080.939673 
-1080.947653 
-1080.939617 
-1080.939580 
-1080.939451 
-1080.939257 
-1080.939127 
-1080.939013 
-1080.938888 
-1080.938828 
-1080.938688 
-1080.938391 
-1080.946846 
-1080.938309 
-1080.938077 
-1080.937393 
-1080.937392 
-1080.937312 
-1080.936824 
-1080.936560 
-1080.936489 
-1080.936401 
-1080.935870 
-1080.946757 
-1080.935595 
-1080.935094 
-1080.935017 
-1080.934863 
-1080.934595 
-1080.934327 
-1080.934188 
-1080.932358 
-1080.930703 
-1080.930684 
-1080.946729 
-1080.946728 
-1080.946644 
-1080.946607 
-1080.946398 
-1080.946367 
-1080.946255 
-1080.946244 
-1080.945945 
-1080.945745 
-1080.945732 
-1080.945655 
-1080.945577 
-1080.945478 
-1080.945468 
-1080.945403 
-1080.945399 
-1080.945360 
-1080.945202 
-1080.945129 
-1080.945025 
-1080.944908 
-1080.944736 
-1080.944715 
-1080.944686 
-1080.944648 
-1080.944576 
-1080.944506 
-1080.944482 
-1080.944372 
-1080.944308 
-1080.944197 
-1080.944178 
-1080.944177 
-1080.944016 
-1080.943921 
-1080.943895 
-1080.943886 
-1080.943871 
-1080.943791 
-1080.943696 
-1080.943655 
-1080.943598 
-1080.943541 
-1080.943539 
-1080.943530 
-1080.943489 
-1080.943454 
-1080.943388 
-1080.943288 
-1080.943270 
-1080.943256 
-1080.943245 
-1080.943241 
-1080.943158 
-1080.943099 
-1080.943098 
-1080.943018 
-1080.942970 
-1080.942936 
-1080.942891 
-1080.942866 
-1080.942844 
-1080.942837 
-1080.942778 
-1080.942757 
-1080.942745 
-1080.942731 
-1080.942662 
-1080.942586 
-1080.942537 
-1080.942484 
-1080.942433 
-1080.942344 
-1080.942341 
-1080.942229 
-1080.942190 
-1080.942001 
-1080.941986 
-1080.941780 
-1080.941751 
-1080.941709 
-1080.941693 
-1080.941462 
-1080.941254 
-1080.941228 
-891.733205 
-891.732706 
-891.732330 
-891.732148 
-891.731830 
-891.731528 
-891.731457 
-891.731429 
-891.731422 
-891.731068 
-891.730817 
-891.730795 
-891.730737 
-891.730285 
-891.730121 
-891.729313 
-891.728953 
-891.722316 
-891.721813 
-891.719229 
-891.715100 
-1048.825660 
-1048.825278 
-1048.823550 
-1048.822987 
-1048.821758 
-1048.815846 
-1048.815698 
-1048.814300 
-1048.806370 
-700.114308 
-174.339284 
-113.056479 
-270.127199 
-270.126839 
-270.126551 
-270.125369 
-270.121753 
-380.793750 
-380.792926 
-380.792396 
-380.792337 
-380.791682 
-380.791590 
-380.791431 
-380.791271 
-380.790800 
-380.790745 
-191.584618 
-191.584400 
-191.583977 
-1400.240012 
-1456.796965 
-1456.793206 
-1456.791185 
-1456.790699 
-1456.789998 
-1456.789376 
-1456.789093 
-1456.788994 
-1456.786933 
-1456.786892 
-1456.785153 
-1456.783867 
-1456.782654 
-1456.762414 
-1456.759930 
-1591.893815 
-1591.893490 
-1591.892547 
-1591.891922 
-1591.891776 
-1591.891674 
-1591.891665 
-1591.891500 
-1591.891025 
-1591.890916 
-1591.890798 
-1591.890560 
-1591.890132 
-1591.889878 
-1591.889829 
-1591.889316 
-1591.888888 
-1591.888877 
-1591.888685 
-1591.888657 
-1591.888461 
-1591.888200 
-1591.887062 
-1591.886613 
-1591.885410 
-1591.883553 
-1591.883547 
-1591.882743 
-1591.882705 
-1591.881900 
-1591.881692 
-1591.881204 
-1591.880598 
-1591.880392 
-1591.880315 
-1591.880090 
-1591.879981 
-1591.879466 
-1591.878795 
-1591.878685 
-1591.877323 
-1591.877234 
-1591.876417 
-1591.876130 
-1591.875855 
-1591.875273 
-1591.875128 
-1591.874122 
-1591.873598 
-1591.873380 
-1591.872570 
-1591.872512 
-1591.872492 
-1591.872384 
-1591.872287 
-1591.872229 
-1591.871068 
-1591.870181 
-1591.869591 
-1591.869574 
-1591.869271 
-1591.869115 
-1591.867181 
-1591.866209 
-1591.863109 
-1591.860783 
-1591.859945 
-1591.859695 
-1591.844583 
-1591.843502 
-1591.843458 
-1591.842677 
-1591.842477 
-1591.842139 
-1591.841485 
-1591.840476 
-1591.840249 
-1591.839886 
-1591.839801 
-1647.227847 
-1647.227674 
-1647.227490 
-1647.227291 
-1647.226982 
-1647.226803 
-1647.226567 
-1647.226321 
-1647.226194 
-1647.217374 
-1647.217101 
-1647.216994 
-1647.216822 
-1647.216524 
-1647.216164 
-1647.216037 
-1647.215964 
-1647.215926 
-1647.215841 
-1647.226175 
-1647.215786 
-1647.215602 
-1647.215587 
-1647.215426 
-1647.215040 
-1647.214857 
-1647.214521 
-1647.214478 
-1647.214137 
-1647.214077 
-1647.226143 
-1647.213741 
-1647.213543 
-1647.213134 
-1647.212814 
-1647.212782 
-1647.212597 
-1647.211818 
-1647.211775 
-1647.211449 
-1647.211343 
-1647.225884 
-1647.211223 
-1647.210861 
-1647.210670 
-1647.209654 
-1647.209654 
-1647.209365 
-1647.209335 
-1647.209207 
-1647.209148 
-1647.209054 
-1647.225734 
-1647.209051 
-1647.208915 
-1647.208897 
-1647.208725 
-1647.208573 
-1647.208487 
-1647.208069 
-1647.208048 
-1647.207874 
-1647.207641 
-1647.225696 
-1647.207527 
-1647.207312 
-1647.207301 
-1647.207295 
-1647.207259 
-1647.207247 
-1647.207173 
-1647.207088 
-1647.206972 
-1647.206921 
-1647.225510 
-1647.206887 
-1647.206778 
-1647.206722 
-1647.206609 
-1647.206502 
-1647.206474 
-1647.206461 
-1647.206360 
-1647.206338 
-1647.206274 
-1647.225398 
-1647.206261 
-1647.205805 
-1647.205730 
-1647.205169 
-1647.204639 
-1647.204488 
-1647.204305 
-1647.203557 
-1647.203195 
-1647.202714 
-1647.225387 
-1647.202302 
-1647.200624 
-1647.199906 
-1647.199525 
-1647.199486 
-1647.198046 
-1647.197486 
-1647.197484 
-1647.196691 
-1647.196669 
-1647.225323 
-1647.225355 
-1647.195783 
-1647.194855 
-1647.194617 
-1647.194015 
-1647.193070 
-1647.192694 
-1647.176762 
-1647.176285 
-1647.175144 
-1647.174655 
-1647.225298 
-1647.173950 
-1647.173792 
-1647.225222 
-1647.224650 
-1647.224508 
-1647.224290 
-1647.224275 
-1647.224185 
-1647.224158 
-1647.224093 
-1647.224016 
-1647.223950 
-1647.223856 
-1647.223615 
-1647.223550 
-1647.223522 
-1647.223481 
-1647.223472 
-1647.223469 
-1647.223178 
-1647.223147 
-1647.222990 
-1647.222957 
-1647.222784 
-1647.222782 
-1647.222731 
-1647.222692 
-1647.222645 
-1647.222428 
-1647.222409 
-1647.222282 
-1647.222275 
-1647.222249 
-1647.222218 
-1647.222206 
-1647.222022 
-1647.221858 
-1647.221811 
-1647.221797 
-1647.221695 
-1647.221634 
-1647.221357 
-1647.221357 
-1647.221337 
-1647.221326 
-1647.221248 
-1647.221196 
-1647.221025 
-1647.221021 
-1647.220939 
-1647.220805 
-1647.220648 
-1647.220566 
-1647.220557 
-1647.220550 
-1647.220516 
-1647.220479 
-1647.220309 
-1647.220308 
-1647.220286 
-1647.220157 
-1647.220093 
-1647.220020 
-1647.219963 
-1647.219944 
-1647.219921 
-1647.219810 
-1647.219770 
-1647.219750 
-1647.219736 
-1647.219637 
-1647.219377 
-1647.219346 
-1647.219196 
-1647.218883 
-1647.218838 
-1647.218782 
-1647.218429 
-1647.218003 
-1647.217840 
-1647.217774 
-1647.217668 
-1552.619415 
-1552.617192 
-1552.617159 
-1552.617144 
-1552.616173 
-1552.616094 
-1552.616092 
-1552.615966 
-1552.615729 
-1552.615678 
-1552.615386 
-1552.615353 
-1552.615312 
-1552.615016 
-1552.614994 
-1552.614005 
-1552.613711 
-1552.612855 
-1552.612131 
-1552.612042 
-1552.611474 
-1552.611417 
-1552.611062 
-1552.610935 
-1552.610578 
-1552.610209 
-1552.609543 
-1552.609053 
-1552.606631 
-1552.605510 
-1552.605208 
-1552.605078 
-1552.604157 
-1552.603838 
-1552.603536 
-1552.603501 
-1552.602871 
-1552.602840 
-1552.602599 
-1552.602245 
-1552.602108 
-1552.601826 
-1552.601343 
-1552.601222 
-1552.600926 
-1552.599800 
-1552.599376 
-1552.598478 
-1552.598329 
-1552.597322 
-1552.597293 
-1552.597226 
-1552.596042 
-1552.595977 
-1552.595208 
-1552.594966 
-1552.594448 
-1552.590439 
-1552.590291 
-1552.590266 
-1552.589836 
-1552.589423 
-1552.589255 
-1552.588870 
-1552.588006 
-1552.577206 
-1552.576507 
-1552.572126 
-1552.572049 
-1552.571801 
-1552.571429 
-1552.570477 
-1552.570008 
-1631.162609 
-1631.160105 
-1631.159986 
-1631.159951 
-1631.159813 
-1631.159392 
-1631.158715 
-1631.157837 
-1631.157246 
-1631.156641 
-1631.156576 
-1631.156362 
-1631.156360 
-1631.155009 
-1631.154311 
-1631.153843 
-1631.153633 
-1631.153508 
-1631.153278 
-1631.151326 
-1631.151095 
-1631.150684 
-1631.149449 
-1631.148673 
-1631.148321 
-1631.148192 
-1631.147950 
-1631.146687 
-1631.141206 
-1631.140805 
-1631.139661 
-1631.139629 
-1631.139166 
-1631.138680 
-1631.138497 
-1631.138466 
-1631.138301 
-1631.137243 
-1631.136774 
-1631.136744 
-1631.135128 
-1631.134733 
-1631.117206 
-1631.116633 
-1631.114372 
-1631.113595 
-1631.113381 
-1535.349326 
-1535.345272 
-1535.344612 
-1535.343922 
-1535.342576 
-1535.341787 
-1535.341744 
-1535.341496 
-1535.341012 
-1535.340911 
-1535.340217 
-1535.340079 
-1535.339988 
-1535.338717 
-1535.338507 
-1535.338336 
-1535.338151 
-1535.338062 
-1535.337946 
-1725.778926 
-1725.778180 
-1725.777594 
-1725.777156 
-1725.776986 
-1725.776809 
-1725.776699 
-1725.776484 
-1725.776213 
-1725.761695 
-1725.761594 
-1725.761504 
-1725.761026 
-1725.760539 
-1725.760438 
-1725.760090 
-1725.759539 
-1725.759371 
-1725.759364 
-1725.775960 
-1725.759349 
-1725.758901 
-1725.758460 
-1725.758340 
-1725.758130 
-1725.758094 
-1725.757978 
-1725.757779 
-1725.757708 
-1725.757402 
-1725.775904 
-1725.757349 
-1725.757056 
-1725.756510 
-1725.756102 
-1725.755641 
-1725.755296 
-1725.755231 
-1725.755161 
-1725.755092 
-1725.755085 
-1725.775829 
-1725.755044 
-1725.754962 
-1725.754805 
-1725.754802 
-1725.754798 
-1725.754794 
-1725.754758 
-1725.754434 
-1725.754397 
-1725.754224 
-1725.775734 
-1725.754110 
-1725.753923 
-1725.753920 
-1725.753774 
-1725.753708 
-1725.753510 
-1725.753373 
-1725.753053 
-1725.752695 
-1725.752077 
-1725.775723 
-1725.751805 
-1725.751676 
-1725.751348 
-1725.750729 
-1725.750354 
-1725.750036 
-1725.749800 
-1725.749730 
-1725.749726 
-1725.749583 
-1725.775559 
-1725.749496 
-1725.749010 
-1725.748815 
-1725.748696 
-1725.748588 
-1725.748509 
-1725.748354 
-1725.748113 
-1725.747959 
-1725.747933 
-1725.775221 
-1725.747856 
-1725.747665 
-1725.747543 
-1725.746950 
-1725.746941 
-1725.746657 
-1725.746525 
-1725.746382 
-1725.746271 
-1725.746212 
-1725.775174 
-1725.745833 
-1725.745821 
-1725.745762 
-1725.745738 
-1725.745708 
-1725.745572 
-1725.745499 
-1725.745484 
-1725.745461 
-1725.745310 
-1725.775158 
-1725.745063 
-1725.745054 
-1725.745005 
-1725.744911 
-1725.744823 
-1725.744736 
-1725.744603 
-1725.744468 
-1725.744319 
-1725.744318 
-1725.775084 
-1725.743927 
-1725.743677 
-1725.743502 
-1725.743464 
-1725.743409 
-1725.742842 
-1725.742820 
-1725.742732 
-1725.742707 
-1725.742647 
-1725.774959 
-1725.741801 
-1725.741595 
-1725.740556 
-1725.740487 
-1725.739725 
-1725.739529 
-1725.739397 
-1725.738717 
-1725.738631 
-1725.738067 
-1725.774723 
-1725.737871 
-1725.737743 
-1725.736830 
-1725.736202 
-1725.735865 
-1725.735599 
-1725.735165 
-1725.735096 
-1725.734610 
-1725.734407 
-1725.774531 
-1725.734028 
-1725.733293 
-1725.733090 
-1725.731787 
-1725.729885 
-1725.729871 
-1725.729558 
-1725.728373 
-1725.728085 
-1725.727412 
-1725.774405 
-1725.726404 
-1725.725396 
-1725.724937 
-1725.724899 
-1725.724262 
-1725.724181 
-1725.722186 
-1725.721542 
-1725.718883 
-1725.717092 
-1725.774401 
-1725.774338 
-1725.774241 
-1725.774235 
-1725.774233 
-1725.774141 
-1725.774086 
-1725.774050 
-1725.774007 
-1725.773898 
-1725.773866 
-1725.773846 
-1725.773676 
-1725.773644 
-1725.773611 
-1725.773601 
-1725.773529 
-1725.773494 
-1725.773469 
-1725.773157 
-1725.772901 
-1725.772867 
-1725.772839 
-1725.772833 
-1725.772665 
-1725.772460 
-1725.772443 
-1725.772397 
-1725.772335 
-1725.772088 
-1725.772010 
-1725.771961 
-1725.771911 
-1725.771886 
-1725.771717 
-1725.771685 
-1725.771590 
-1725.771576 
-1725.771435 
-1725.771392 
-1725.771369 
-1725.771307 
-1725.771139 
-1725.771094 
-1725.771016 
-1725.770967 
-1725.770597 
-1725.770351 
-1725.770267 
-1725.770134 
-1725.770112 
-1725.769565 
-1725.769531 
-1725.769301 
-1725.769256 
-1725.769156 
-1725.769114 
-1725.769046 
-1725.768519 
-1725.768249 
-1725.767961 
-1725.766562 
-1725.766412 
-1725.766048 
-1725.765994 
-1725.764327 
-1725.764060 
-1725.763902 
-1725.763872 
-1725.763711 
-1725.763675 
-1725.763669 
-1725.762908 
-1725.762500 
-1725.762263 
-1725.761908 
-1709.714113 
-1709.712209 
-1709.711995 
-1709.711962 
-1709.710339 
-1709.710000 
-1709.709893 
-1709.709611 
-1709.709254 
-1709.708787 
-1709.708120 
-1709.708118 
-1709.707627 
-1709.707329 
-1709.707253 
-1709.707090 
-1709.706319 
-1709.705725 
-1709.704991 
-1709.704930 
-1709.704572 
-1709.703965 
-1709.703523 
-1709.702671 
-1709.702416 
-1709.702272 
-1709.701639 
-1709.700410 
-1709.700300 
-1709.700152 
-1709.699142 
-1709.698769 
-1709.698735 
-1709.698322 
-1709.696005 
-1709.695465 
-1709.694895 
-1709.692998 
-1709.691510 
-1709.691222 
-1709.691121 
-1709.691023 
-1709.690420 
-1709.690349 
-1709.690003 
-1709.689619 
-1709.689472 
-1709.689394 
-1709.689351 
-1709.689297 
-1709.689138 
-1709.687726 
-1709.682742 
-1709.682273 
-1709.681064 
-1709.680229 
-1709.679776 
-1709.676647 
-1709.676270 
-1709.675626 
-1709.675508 
-1709.674771 
-1709.674511 
-1709.674338 
-1709.673244 
-1709.673021 
-1709.672827 
-1709.668899 
-1709.665089 
-1709.663396 
-1709.659307 
-1535.336170 
-1535.333483 
-1535.331827 
-1535.331338 
-1535.330922 
-1535.330614 
-1535.330478 
-1535.330294 
-1535.330180 
-1535.329346 
-1535.329095 
-1535.300841 
-1535.300036 
-1535.297596 
-1535.296504 
-1535.296380 
-1535.296322 
-1535.296256 
-1535.295834 
-1535.295796 
-1535.295392 
-1535.295352 
-1535.294942 
-1535.294474 
-1535.294458 
-1535.293761 
-1590.683082 
-1590.681489 
-1590.681159 
-1590.679702 
-1590.679498 
-1590.678790 
-1590.678546 
-1590.678260 
-1590.678099 
-1590.661676 
-1590.660814 
-1590.659857 
-1590.658608 
-1590.655144 
-1590.631833 
-1590.631657 
-1590.629536 
-1590.628907 
-1590.628099 
-1590.677800 
-1590.627875 
-1590.627466 
-1590.627432 
-1590.677717 
-1590.677647 
-1590.677369 
-1590.676945 
-1590.676917 
-1590.676637 
-1590.676601 
-1590.676177 
-1590.675758 
-1765.048237 
-1765.047922 
-1765.045807 
-1765.045778 
-1765.044586 
-1765.044498 
-1765.044432 
-1765.044333 
-1765.044236 
-1765.023239 
-1765.022997 
-1765.022699 
-1765.022551 
-1765.021560 
-1765.021037 
-1765.020635 
-1765.019656 
-1765.017099 
-1765.016039 
-1765.044106 
-1765.016007 
-1765.015630 
-1765.015116 
-1765.014849 
-1765.013583 
-1765.013002 
-1765.012823 
-1765.012375 
-1765.010638 
-1765.009602 
-1765.044036 
-1765.009404 
-1765.009161 
-1765.008706 
-1765.008204 
-1765.007895 
-1765.007586 
-1765.005532 
-1765.002746 
-1765.002659 
-1765.000357 
-1765.043482 
-1764.997984 
-1764.997006 
-1764.995743 
-1765.043343 
-1765.043337 
-1765.043330 
-1765.043324 
-1765.043112 
-1765.043045 
-1765.042897 
-1765.042866 
-1765.042743 
-1765.042501 
-1765.042499 
-1765.042312 
-1765.042074 
-1765.041632 
-1765.041484 
-1765.041422 
-1765.041253 
-1765.041143 
-1765.041123 
-1765.041050 
-1765.041017 
-1765.040877 
-1765.040743 
-1765.040655 
-1765.040616 
-1765.040609 
-1765.040529 
-1765.040082 
-1765.039537 
-1765.039506 
-1765.039467 
-1765.039424 
-1765.039058 
-1765.039048 
-1765.038855 
-1765.038854 
-1765.038756 
-1765.038745 
-1765.038588 
-1765.038343 
-1765.038309 
-1765.038145 
-1765.038143 
-1765.037965 
-1765.037943 
-1765.037393 
-1765.037289 
-1765.037230 
-1765.037188 
-1765.037167 
-1765.037083 
-1765.037078 
-1765.036875 
-1765.036833 
-1765.036794 
-1765.036790 
-1765.036777 
-1765.036717 
-1765.036597 
-1765.036571 
-1765.035697 
-1765.035263 
-1765.034801 
-1765.034343 
-1765.034335 
-1765.034262 
-1765.034195 
-1765.034114 
-1765.034060 
-1765.033454 
-1765.032107 
-1765.029945 
-1765.029934 
-1765.029814 
-1765.029620 
-1765.028957 
-1765.028191 
-1765.027868 
-1765.027433 
-1765.027290 
-1765.027191 
-1765.026727 
-1765.026242 
-1765.025635 
-1765.025246 
-1765.025205 
-1765.023876 
-1590.675423 
-1590.675233 
-1590.675179 
-1590.675010 
-1590.674735 
-1590.674680 
-1590.674536 
-1590.674494 
-1590.674470 
-1590.674390 
-1590.674251 
-1590.674122 
-1590.673859 
-1590.673798 
-1590.673652 
-1590.673627 
-1590.673448 
-1590.673182 
-1590.673089 
-1590.673051 
-1590.672116 
-1590.671401 
-1590.671351 
-1590.671299 
-1590.670805 
-1590.670799 
-1590.670798 
-1590.670633 
-1590.670620 
-1590.670619 
-1590.670370 
-1590.670342 
-1590.670146 
-1590.669855 
-1590.669383 
-1590.669365 
-1590.668838 
-1590.668811 
-1590.668770 
-1590.668719 
-1590.668406 
-1590.668304 
-1590.668261 
-1590.668175 
-1590.668108 
-1590.667901 
-1590.667380 
-1590.667352 
-1590.667262 
-1590.667062 
-1590.667049 
-1590.667045 
-1590.666950 
-1590.666908 
-1590.666688 
-1590.666668 
-1590.666520 
-1590.666476 
-1590.666414 
-1590.666156 
-1590.666075 
-1590.666063 
-1590.666039 
-1590.665992 
-1590.665910 
-1590.665827 
-1590.665743 
-1590.665714 
-1590.665107 
-1590.665047 
-1590.664905 
-1590.664895 
-1590.664826 
-1590.664720 
-1590.664474 
-1590.663857 
-1590.663788 
-1590.663499 
-1590.663432 
-1590.662152 
-1496.071150 
-1496.070724 
-1496.067947 
-1496.067428 
-1496.065681 
-1496.065612 
-1496.065402 
-1496.065307 
-1496.065009 
-1496.064365 
-1496.063637 
-1496.063599 
-1496.063566 
-1496.063553 
-1496.063160 
-1496.062527 
-1496.057198 
-1496.056699 
-1496.056201 
-1631.167994 
-1631.167514 
-1631.167434 
-1631.166873 
-1631.166842 
-1631.166773 
-1631.166429 
-1631.166224 
-1631.165420 
-1631.165391 
-1631.164990 
-1631.164852 
-1631.164847 
-1631.164753 
-1631.164712 
-1631.164396 
-1631.163256 
-1631.163143 
-1631.162914 
-1631.162660 
-1631.162316 
-1631.161501 
-1631.161082 
-1631.160664 
-1631.160262 
-1631.159237 
-1631.158504 
-1631.157537 
-1631.156791 
-1631.156682 
-1631.156502 
-1631.155689 
-1631.152641 
-1631.152370 
-1631.151571 
-1631.151311 
-1631.151269 
-1631.150667 
-1631.150112 
-1631.149859 
-1631.149397 
-1631.148996 
-1631.148687 
-1631.148512 
-1631.148018 
-1631.147751 
-1631.147442 
-1631.147329 
-1631.147219 
-1631.145570 
-1631.145547 
-1631.145178 
-1631.144462 
-1631.144428 
-1631.144060 
-1631.142717 
-1631.142608 
-1631.142536 
-1631.141405 
-1631.141126 
-1631.140853 
-1631.140500 
-1631.140215 
-1631.139920 
-1631.138890 
-1631.138803 
-1631.138581 
-1631.138141 
-1631.137831 
-1631.137055 
-1631.136824 
-1631.136481 
-1631.135878 
-1631.135764 
-1631.134521 
-1631.133831 
-1631.133096 
-1631.132984 
-1631.132864 
-1631.131975 
-1631.130624 
-1631.129815 
-1631.129495 
-1631.129167 
-1631.125648 
-1631.124210 
-1631.119166 
-1631.119062 
-1631.118162 
-1631.117674 
-1631.116706 
-1631.116190 
-1631.115035 
-1631.113173 
-1631.112499 
-1686.501854 
-1686.501644 
-1686.501632 
-1686.501357 
-1686.501260 
-1686.500514 
-1686.500423 
-1686.500397 
-1686.500194 
-1686.484065 
-1686.483787 
-1686.483626 
-1686.483558 
-1686.483495 
-1686.483279 
-1686.482409 
-1686.482193 
-1686.481774 
-1686.481573 
-1686.500056 
-1686.481569 
-1686.481318 
-1686.481108 
-1686.481088 
-1686.480902 
-1686.480833 
-1686.480736 
-1686.479952 
-1686.479803 
-1686.478588 
-1686.499807 
-1686.478530 
-1686.478280 
-1686.478069 
-1686.477894 
-1686.477850 
-1686.477424 
-1686.477396 
-1686.477314 
-1686.477253 
-1686.476932 
-1686.499774 
-1686.476330 
-1686.476269 
-1686.476197 
-1686.476136 
-1686.476112 
-1686.475696 
-1686.475659 
-1686.475508 
-1686.475397 
-1686.475248 
-1686.499718 
-1686.475031 
-1686.475025 
-1686.474872 
-1686.474856 
-1686.474851 
-1686.474837 
-1686.474821 
-1686.474585 
-1686.474153 
-1686.473880 
-1686.499684 
-1686.473850 
-1686.473800 
-1686.473762 
-1686.473751 
-1686.473735 
-1686.473693 
-1686.473588 
-1686.473447 
-1686.473410 
-1686.473399 
-1686.499432 
-1686.473218 
-1686.473192 
-1686.473128 
-1686.473055 
-1686.472984 
-1686.472738 
-1686.472650 
-1686.472437 
-1686.472409 
-1686.472274 
-1686.499431 
-1686.472217 
-1686.471713 
-1686.471588 
-1686.471531 
-1686.471150 
-1686.471006 
-1686.470921 
-1686.470847 
-1686.470294 
-1686.470126 
-1686.499408 
-1686.469873 
-1686.469133 
-1686.468687 
-1686.468315 
-1686.467968 
-1686.467697 
-1686.467663 
-1686.467369 
-1686.467227 
-1686.467110 
-1686.499153 
-1686.466979 
-1686.466835 
-1686.466795 
-1686.466586 
-1686.466564 
-1686.466277 
-1686.465866 
-1686.465758 
-1686.464540 
-1686.464453 
-1686.499141 
-1686.464327 
-1686.464134 
-1686.463894 
-1686.461079 
-1686.457897 
-1686.453874 
-1686.447339 
-1686.447092 
-1686.446984 
-1686.445822 
-1686.499054 
-1686.445148 
-1686.444090 
-1686.443988 
-1686.499027 
-1686.498949 
-1686.498763 
-1686.498578 
-1686.498564 
-1686.498475 
-1686.498417 
-1686.498295 
-1686.498079 
-1686.498072 
-1686.497813 
-1686.497697 
-1686.497627 
-1686.497600 
-1686.497540 
-1686.497367 
-1686.497283 
-1686.497277 
-1686.497227 
-1686.497187 
-1686.497155 
-1686.497134 
-1686.497081 
-1686.496864 
-1686.496515 
-1686.496322 
-1686.496184 
-1686.495987 
-1686.495764 
-1686.495456 
-1686.495398 
-1686.495229 
-1686.494816 
-1686.494676 
-1686.494652 
-1686.494551 
-1686.494502 
-1686.494483 
-1686.494448 
-1686.494385 
-1686.494295 
-1686.493924 
-1686.493921 
-1686.493908 
-1686.493763 
-1686.493748 
-1686.493507 
-1686.493375 
-1686.493329 
-1686.493297 
-1686.493175 
-1686.493126 
-1686.492931 
-1686.492898 
-1686.492768 
-1686.492528 
-1686.491842 
-1686.491765 
-1686.491594 
-1686.491351 
-1686.491252 
-1686.491024 
-1686.490772 
-1686.489709 
-1686.489499 
-1686.489264 
-1686.489008 
-1686.488730 
-1686.487938 
-1686.487812 
-1686.487380 
-1686.486501 
-1686.485392 
-1686.485290 
-1686.485265 
-1686.484947 
-1686.484700 
-1686.484599 
-1686.484554 
-1670.436675 
-1670.436536 
-1670.435843 
-1670.435570 
-1670.435407 
-1670.434622 
-1670.434423 
-1670.434251 
-1670.433465 
-1670.432238 
-1670.432073 
-1670.432013 
-1670.431820 
-1670.431430 
-1670.430980 
-1670.429633 
-1670.429382 
-1670.429184 
-1670.429131 
-1670.428448 
-1670.428381 
-1670.428328 
-1670.428321 
-1670.428248 
-1670.427793 
-1670.426638 
-1670.426627 
-1670.424721 
-1670.424090 
-1670.423838 
-1670.423350 
-1670.418651 
-1670.417086 
-1670.416585 
-1670.416058 
-1670.415681 
-1670.415664 
-1670.415284 
-1670.415063 
-1670.406991 
-1670.405986 
-1670.405810 
-1670.405462 
-1670.405076 
-1670.404751 
-1670.404493 
-1670.404309 
-1670.404293 
-1670.404180 
-1670.404038 
-1670.404006 
-1670.403859 
-1670.403759 
-1670.403724 
-1670.403584 
-1670.403413 
-1670.403269 
-1670.402382 
-1670.401383 
-1670.394064 
-1670.385916 
-1670.384821 
-1496.056158 
-1496.055081 
-1496.054706 
-1496.053348 
-1496.053100 
-1496.053093 
-1496.028390 
-1496.027509 
-1496.027302 
-1496.027072 
-1496.025771 
-1496.024514 
-1496.024434 
-1496.023652 
-1496.023516 
-1574.618113 
-1574.612993 
-1574.612004 
-1574.611651 
-1574.611010 
-1574.610439 
-1574.610170 
-1574.609813 
-1574.609679 
-1574.609249 
-1574.609144 
-1574.609141 
-1574.609035 
-1574.608804 
-1574.608313 
-1574.608299 
-1574.608146 
-1574.607920 
-1574.607805 
-1574.607355 
-1574.606888 
-1574.606763 
-1574.606679 
-1574.606589 
-1574.600500 
-1574.596073 
-1574.594991 
-1574.591509 
-1574.590147 
-1574.572767 
-1574.571240 
-1574.570522 
-1574.568964 
-1574.568932 
-1574.568141 
-1574.567656 
-1574.567504 
-1574.567019 
-1513.344302 
-1513.343050 
-1513.342797 
-1513.341214 
-1513.340294 
-1513.340221 
-1513.339658 
-1513.339498 
-1513.339270 
-1513.338575 
-1513.338373 
-1513.338052 
-1513.337814 
-1513.337504 
-1513.336937 
-1513.336810 
-1513.336477 
-1513.336247 
-1513.336042 
-1513.334860 
-1513.332556 
-1513.332107 
-1513.331749 
-1513.331656 
-1513.331119 
-1513.330484 
-1513.330086 
-1513.330053 
-1513.329958 
-1513.329860 
-1513.329477 
-1513.329088 
-1513.328738 
-1513.328479 
-1513.327489 
-1513.326034 
-1513.324713 
-1513.324573 
-1513.323579 
-1513.323156 
-1513.323014 
-1513.322471 
-1513.322439 
-1513.321717 
-1513.310220 
-1513.306491 
-1670.442979 
-1670.442282 
-1670.441757 
-1670.441751 
-1670.441720 
-1670.441258 
-1670.441244 
-1670.441027 
-1670.440892 
-1670.390538 
-1670.388876 
-1670.388420 
-1670.387631 
-1670.387115 
-1670.386805 
-1670.440807 
-1670.440793 
-1670.440622 
-1670.440429 
-1670.440323 
-1670.440203 
-1670.440202 
-1670.439950 
-1670.439178 
-1670.438968 
-1670.438856 
-1670.437788 
-1670.437635 
-1670.437553 
-1670.436916 
-1670.436911 
-1670.436605 
-1670.436534 
-1670.436311 
-1670.436054 
-1670.435546 
-1670.435258 
-1670.434275 
-1670.433670 
-1670.432523 
-1670.431949 
-1670.431811 
-1670.430347 
-1670.428988 
-1670.428528 
-1670.427901 
-1670.427542 
-1670.427350 
-1670.426575 
-1670.425868 
-1670.425829 
-1670.425397 
-1670.424266 
-1670.424021 
-1670.423619 
-1670.423038 
-1670.422895 
-1670.422103 
-1670.420416 
-1670.419682 
-1670.418290 
-1670.418230 
-1670.417906 
-1670.417834 
-1670.417768 
-1670.417729 
-1670.417045 
-1670.416651 
-1670.415513 
-1670.415434 
-1670.415290 
-1670.414802 
-1670.413173 
-1670.412984 
-1670.412769 
-1670.412613 
-1670.412122 
-1670.411858 
-1670.411691 
-1670.411335 
-1670.411082 
-1670.410719 
-1670.410685 
-1670.410665 
-1670.410417 
-1670.410417 
-1670.410180 
-1670.410106 
-1670.409754 
-1670.409656 
-1670.409074 
-1670.408541 
-1670.408519 
-1670.408497 
-1670.407847 
-1670.407355 
-1670.406853 
-1670.406354 
-1670.406080 
-1670.405667 
-1670.403419 
-1670.394993 
-1670.390892 
-1670.390800 
-1670.390743 
-1781.110672 
-1781.110596 
-1781.110527 
-1781.109938 
-1781.109934 
-1781.109822 
-1781.109519 
-1781.109311 
-1781.109246 
-1781.102819 
-1781.102797 
-1781.102750 
-1781.102561 
-1781.102520 
-1781.102472 
-1781.102458 
-1781.102146 
-1781.102098 
-1781.101897 
-1781.109179 
-1781.101555 
-1781.101479 
-1781.101436 
-1781.101425 
-1781.101237 
-1781.101175 
-1781.101004 
-1781.100959 
-1781.100944 
-1781.100892 
-1781.108919 
-1781.100766 
-1781.100576 
-1781.100547 
-1781.100069 
-1781.099994 
-1781.099974 
-1781.099776 
-1781.099522 
-1781.099491 
-1781.099310 
-1781.108801 
-1781.099265 
-1781.099214 
-1781.099202 
-1781.099171 
-1781.099137 
-1781.098920 
-1781.098777 
-1781.098726 
-1781.098609 
-1781.098587 
-1781.108699 
-1781.098415 
-1781.098242 
-1781.098084 
-1781.098044 
-1781.097950 
-1781.097591 
-1781.097217 
-1781.097058 
-1781.097048 
-1781.096867 
-1781.108650 
-1781.096641 
-1781.096585 
-1781.096390 
-1781.096352 
-1781.096262 
-1781.096116 
-1781.095856 
-1781.095690 
-1781.095673 
-1781.095640 
-1781.108317 
-1781.095174 
-1781.095108 
-1781.094733 
-1781.094680 
-1781.094448 
-1781.094196 
-1781.094082 
-1781.094002 
-1781.093554 
-1781.092789 
-1781.108194 
-1781.092569 
-1781.092549 
-1781.091961 
-1781.091946 
-1781.091899 
-1781.091831 
-1781.091348 
-1781.090398 
-1781.090324 
-1781.090321 
-1781.108084 
-1781.090092 
-1781.089847 
-1781.089545 
-1781.088744 
-1781.088711 
-1781.088562 
-1781.088537 
-1781.088168 
-1781.087797 
-1781.087779 
-1781.107967 
-1781.087577 
-1781.087230 
-1781.086808 
-1781.086660 
-1781.086353 
-1781.086351 
-1781.086310 
-1781.085817 
-1781.085809 
-1781.085713 
-1781.107841 
-1781.085500 
-1781.085181 
-1781.084977 
-1781.084754 
-1781.084638 
-1781.084632 
-1781.084574 
-1781.084529 
-1781.084248 
-1781.084114 
-1781.107800 
-1781.083999 
-1781.083851 
-1781.083492 
-1781.083466 
-1781.083299 
-1781.083046 
-1781.082713 
-1781.082700 
-1781.082627 
-1781.082385 
-1781.107759 
-1781.082017 
-1781.081700 
-1781.081564 
-1781.081416 
-1781.081275 
-1781.080976 
-1781.080844 
-1781.080712 
-1781.080595 
-1781.080493 
-1781.107442 
-1781.080011 
-1781.080009 
-1781.079985 
-1781.079912 
-1781.079524 
-1781.079424 
-1781.079129 
-1781.078852 
-1781.078839 
-1781.078713 
-1781.107359 
-1781.078567 
-1781.078449 
-1781.078418 
-1781.078021 
-1781.077820 
-1781.077687 
-1781.077562 
-1781.077296 
-1781.077064 
-1781.076925 
-1781.107120 
-1781.076637 
-1781.076610 
-1781.076467 
-1781.076446 
-1781.076180 
-1781.076081 
-1781.076034 
-1781.076017 
-1781.076013 
-1781.076000 
-1781.107080 
-1781.075987 
-1781.075840 
-1781.075723 
-1781.075562 
-1781.075500 
-1781.075081 
-1781.074697 
-1781.074355 
-1781.074336 
-1781.074053 
-1781.106948 
-1781.073938 
-1781.072785 
-1781.072565 
-1781.072538 
-1781.072353 
-1781.072071 
-1781.070379 
-1781.069792 
-1781.069692 
-1781.069667 
-1781.106911 
-1781.069626 
-1781.069302 
-1781.069171 
-1781.068957 
-1781.068468 
-1781.066766 
-1781.066659 
-1781.066205 
-1781.065461 
-1781.064665 
-1781.106859 
-1781.063741 
-1781.062405 
-1781.062368 
-1781.057088 
-1781.056730 
-1781.055095 
-1781.054539 
-1781.049676 
-1781.106793 
-1781.106758 
-1781.106694 
-1781.106655 
-1781.106581 
-1781.106554 
-1781.106450 
-1781.106441 
-1781.106382 
-1781.106351 
-1781.106315 
-1781.106313 
-1781.106015 
-1781.105982 
-1781.105968 
-1781.105890 
-1781.105876 
-1781.105797 
-1781.105781 
-1781.105755 
-1781.105688 
-1781.105608 
-1781.105558 
-1781.105431 
-1781.105420 
-1781.105378 
-1781.105354 
-1781.105269 
-1781.105264 
-1781.105228 
-1781.105095 
-1781.105051 
-1781.104935 
-1781.104874 
-1781.104790 
-1781.104704 
-1781.104681 
-1781.104668 
-1781.104583 
-1781.104492 
-1781.104477 
-1781.104269 
-1781.104189 
-1781.104182 
-1781.104180 
-1781.104139 
-1781.104131 
-1781.104114 
-1781.103949 
-1781.103908 
-1781.103825 
-1781.103813 
-1781.103799 
-1781.103798 
-1781.103797 
-1781.103779 
-1781.103714 
-1781.103620 
-1781.103607 
-1781.103585 
-1781.103539 
-1781.103536 
-1781.103431 
-1781.103275 
-1781.103137 
-1781.103127 
-1781.103119 
-1781.103082 
-1781.103043 
-1781.102973 
-1781.102881 
-1591.891770 
-1591.891168 
-1591.890457 
-1591.890411 
-1591.890200 
-1591.890002 
-1591.889986 
-1591.889673 
-1591.889621 
-1591.888942 
-1591.888912 
-1591.888641 
-1591.888277 
-1591.887913 
-1591.884108 
-1591.883513 
-1591.881944 
-1591.881674 
-1591.880216 
-1591.880059 
-1591.879813 
-1591.879787 
-1591.879051 
-1591.878363 
-1591.877486 
-1591.875389 
-1591.875190 
-1591.874524 
-1591.874225 
-1591.873626 
-1591.873494 
-1591.873428 
-1591.873113 
-1591.872652 
-1591.872333 
-1591.871959 
-1591.871801 
-1591.871397 
-1591.870350 
-1591.869779 
-1591.869599 
-1591.869051 
-1591.868921 
-1591.866641 
-1591.864831 
-1591.864615 
-1591.864306 
-1591.863625 
-1591.863516 
-1591.863475 
-1591.863452 
-1591.863402 
-1591.863363 
-1591.863261 
-1591.862990 
-1591.862904 
-1591.862635 
-1591.862357 
-1591.862342 
-1591.861940 
-1591.861661 
-1591.861497 
-1591.861257 
-1591.861036 
-1591.860845 
-1591.859925 
-1591.857608 
-1591.857386 
-1591.847761 
-1591.845033 
-1591.844685 
-1591.843495 
-1591.843348 
-1591.843212 
-1591.842879 
-1591.842670 
-1591.842561 
-1591.842218 
-1591.842072 
-1591.842033 
-1591.841710 
-1591.841115 
-1591.839920 
-1748.986282 
-1748.977984 
-1748.977712 
-1748.977204 
-1748.976646 
-1748.975577 
-1748.975511 
-1748.975162 
-1748.975044 
-1748.973648 
-1748.972880 
-1748.972085 
-1748.971586 
-1748.971177 
-1748.969764 
-1748.968047 
-1748.967712 
-1748.967688 
-1748.965166 
-1748.964308 
-1748.962203 
-1748.962110 
-1748.947313 
-1748.946207 
-1748.945844 
-1748.944710 
-1748.943436 
-1748.939237 
-1748.936420 
-1748.935765 
-348.672262 
-348.670376 
-348.666595 
