-1781.110672 
-1765.048237 
-1748.986282 
-1725.778926 
-1709.714113 
-1686.501854 
-1670.442979 
-1670.436675 
-1647.227847 
-1631.167994 
-1631.162609 
-1591.893815 
-1591.891770 
-1590.683082 
-1574.618113 
-1552.619415 
-1535.349326 
-1513.344302 
-1496.071150 
-1456.796965 
-1400.240012 
-1080.951410 
-1064.887026 
-1048.825660 
-1025.617259 
-1009.552804 
-986.342893 
-970.280604 
-970.278784 
-947.075184 
-931.013585 
-931.008412 
-891.741341 
-891.733205 
-890.536910 
-874.477901 
-852.467554 
-835.205407 
-813.200036 
-795.927477 
-756.658046 
-700.114308 
-380.793750 
-364.734389 
-348.672262 
-325.461009 
-309.400444 
-286.189546 
-270.129647 
-270.127199 
-246.923924 
-230.864951 
-230.858255 
-191.591235 
-191.584618 
-190.399278 
-174.339284 
-152.319797 
-135.066605 
-113.056479 
-95.796022 
-56.529749 
